	CuBa-Cu-air		CuBa-Cu-400mA		Cu foil
8777.23	0.3074384189	8777.23	0.30071991881	8779.0047	0.30056271294
8782.23	0.3059648498	8782.23	0.30046734812	8789.0151	0.30045581478
8787.23	0.305546896	8787.23	0.3003867084	8799.0119	0.30038804854
8792.23	0.3038862968	8792.23	0.300064831873	8809.0136	0.30026964739
8797.23	0.3044447824	8797.23	0.30037514043	8819.0015	0.300068528967
8802.23	0.3040794585	8802.23	0.29982974734	8829.0126	0.299975413273
8807.23	0.3039180436	8807.23	0.30012103868	8839.0098	0.29984957658
8812.23	0.3032107182	8812.23	0.300051289018	8849.0115	0.29981058967
8817.23	0.3034567299	8817.23	0.30028951982	8859.0177	0.29966748481
8822.23	0.3031664673	8822.23	0.30021268537	8869.0095	0.29972961157
8827.23	0.3030818208	8827.23	0.299988922292	8879.0057	0.29979844111
8832.23	0.3031500271	8832.23	0.29980336049	8889.0061	0.29981495956
8837.23	0.3016076838	8837.23	0.299933019224	8899.0107	0.29983961889
8842.23	0.3011239167	8842.23	0.30029664617	8909.0005	0.300030002835
8847.23	0.30189705	8847.23	0.29956259696	8919.0134	0.30019986533
8852.23	0.3005903234	8852.23	0.29963862867	8929.0112	0.30055821147
8857.23	0.3013895774	8857.23	0.29964940048	8939.0129	0.3012053937
8862.23	0.30074754349	8862.23	0.29960666098	8949.0185	0.3023852085
8867.23	0.2996431823	8867.23	0.29989172377	8949.4016	0.3024528721
8872.23	0.29978717052	8872.23	0.30034256806	8949.8038	0.3025337229
8877.23	0.29919648621	8877.23	0.29959898622	8950.2061	0.3025957544
8882.23	0.29968648649	8882.23	0.29949552277	8950.6085	0.3027032803
8887.23	0.29976198138	8887.23	0.300039105167	8951.0109	0.30279473
8892.23	0.29919850885	8892.23	0.30013815026	8951.4133	0.30282739
8897.23	0.29953912195	8897.23	0.30032969042	8951.8157	0.3029403401
8902.23	0.2987735288	8902.23	0.30025339439	8952.2182	0.3030302223
8907.23	0.2988526303	8907.23	0.30048737115	8952.6016	0.3031055153
8912.23	0.2978302857	8912.23	0.30058061369	8953.0042	0.3031657456
8917.23	0.2980729687	8917.23	0.30017167743	8953.4068	0.3032795172
8922.23	0.2988439471	8922.23	0.3015372146	8953.8094	0.3034069867
8927.23	0.2986344884	8927.23	0.3010014308	8954.2121	0.3034693335
8932.23	0.2981184587	8932.23	0.30138599	8954.6148	0.3035360626
8937.23	0.2978864164	8937.23	0.3016669034	8955.0175	0.3037170767
8941.9152	0.2987846205	8941.9152	0.3022200907	8955.4011	0.3038876759
8945.7402	0.2986760378	8945.7402	0.3029819345	8955.804	0.304054512
8948.3902	0.29964688023	8948.3902	0.3031539313	8956.2068	0.3041708157
8949.8652	0.29945174968	8949.8652	0.3040102831	8956.6097	0.3043070576
8950.48	0.29943827697	8950.48	0.3035138901	8957.0127	0.3044788249
8950.78	0.30056210999	8950.78	0.3039192743	8957.4156	0.3045816498
8951.08	0.29957669061	8951.08	0.3039700734	8957.8186	0.3046929919
8951.38	0.29919437488	8951.38	0.304036817	8958.2025	0.3048951928
8951.68	0.30025156196	8951.68	0.303625542	8958.6056	0.3050436149
8951.98	0.3002267014	8951.98	0.3043059736	8959.0087	0.3051979352
8952.28	0.29928907251	8952.28	0.3039636719	8959.4118	0.3053848078
8952.58	0.29912615972	8952.58	0.3042336818	8959.815	0.3055354086
8952.88	0.3002793823	8952.88	0.3045427221	8960.2183	0.3056986913
8953.18	0.29913267694	8953.18	0.3043488557	8960.6023	0.3058886398
8953.48	0.29912694315	8953.48	0.3047747926	8961.0056	0.3061034983
8953.78	0.2997539838	8953.78	0.3041987025	8961.409	0.3063905484
8954.08	0.29904892588	8954.08	0.3049973431	8961.8123	0.3065617394
8954.38	0.29968971146	8954.38	0.3041956914	8962.2158	0.3067351751
8954.68	0.3006651219	8954.68	0.304843546	8962.6192	0.3069772667
8954.98	0.30068120432	8954.98	0.3046063237	8963.0035	0.3072027158
8955.28	0.2994817647	8955.28	0.3047123879	8963.407	0.3074899533
8955.58	0.30013731298	8955.58	0.3048085163	8963.8106	0.3077755394
8955.88	0.3012633305	8955.88	0.3049815272	8964.2142	0.3080246929
8956.18	0.29962970586	8956.18	0.3052709128	8964.6178	0.3083324943
8956.48	0.30015686978	8956.48	0.3050338023	8965.0023	0.3086517409
8956.78	0.29972442228	8956.78	0.3049367341	8965.406	0.3088341701
8957.08	0.3017044554	8957.08	0.3048633209	8965.8097	0.3093805248
8957.38	0.300045523012	8957.38	0.3055314163	8966.2135	0.309738011
8957.68	0.2997395665	8957.68	0.3055610721	8966.6173	0.310178116
8957.98	0.30038626997	8957.98	0.3054701977	8967.0019	0.310510785
8958.28	0.30053484157	8958.28	0.3052363111	8967.4058	0.310922865
8958.58	0.30068804969	8958.58	0.306252618	8967.8098	0.311368751
8958.88	0.30068255806	8958.88	0.3060877389	8968.2137	0.311904868
8959.18	0.3010965215	8959.18	0.3059894405	8968.6177	0.312440765
8959.48	0.3012501135	8959.48	0.3061685742	8969.0025	0.312996008
8959.78	0.3020238092	8959.78	0.3060937118	8969.4066	0.313654919
8960.08	0.3017446579	8960.08	0.3066794163	8969.8107	0.314364865
8960.38	0.3016801586	8960.38	0.3064605669	8970.2149	0.315109214
8960.68	0.3024385955	8960.68	0.3067265963	8970.6191	0.315879678
8960.98	0.3018075308	8960.98	0.3064184788	8971.0041	0.316646105
8961.28	0.3017609592	8961.28	0.3078698565	8971.4083	0.317691442
8961.58	0.3011412943	8961.58	0.3073640044	8971.8126	0.31884673
8961.88	0.3019862418	8961.88	0.3073971468	8972.217	0.320112065
8962.18	0.3019852326	8962.18	0.3071984938	8972.6021	0.321524971
8962.48	0.3018102025	8962.48	0.3077233839	8973.0065	0.323160694
8962.78	0.3020599442	8962.78	0.3077909445	8973.4109	0.324971927
8963.08	0.3019310091	8963.08	0.3074317438	8973.8154	0.327201962
8963.38	0.3022415603	8963.38	0.308058874	8974.2007	0.32959524
8963.68	0.3030052106	8963.68	0.3077727626	8974.6052	0.332672421
8963.98	0.3029720174	8963.98	0.3082557084	8975.0098	0.336616615
8964.28	0.3026043487	8964.28	0.3087724049	8975.4145	0.341532609
8964.58	0.3022365258	8964.58	0.3085782495	8975.8191	0.348026989
8964.88	0.3030722494	8964.88	0.3088283853	8976.2046	0.356374621
8965.18	0.3033313863	8965.18	0.3084674628	8976.6093	0.36887696
8965.48	0.3030400756	8965.48	0.3088366256	8977.0141	0.387298592
8965.78	0.3026407638	8965.78	0.3094991288	8977.4189	0.41339205
8966.08	0.3045437382	8966.08	0.3095398588	8977.8045	0.44731814
8966.38	0.3037898931	8966.38	0.3089147215	8978.2094	0.49176774
8966.68	0.3034017158	8966.68	0.3098449355	8978.6143	0.54317115
8966.98	0.3047882994	8966.98	0.3098049382	8979	0.59580631
8967.28	0.3039903973	8967.28	0.3099976044	8979.3857	0.64163349
8967.58	0.3041230972	8967.58	0.310054637	8979.7908	0.6933824
8967.88	0.304816918	8967.88	0.310409593	8980.1958	0.72752031
8968.18	0.3050107737	8968.18	0.310798987	8980.5817	0.74765503
8968.48	0.3051930718	8968.48	0.311220891	8980.9868	0.75728527
8968.78	0.3053337143	8968.78	0.311110584	8981.392	0.75904722
8969.08	0.3047288152	8969.08	0.311635021	8981.7972	0.75685377
8969.38	0.3054085614	8969.38	0.311676081	8982.1832	0.75421297
8969.68	0.3059822258	8969.68	0.31202701	8982.5885	0.75346795
8969.98	0.3069893085	8969.98	0.311951456	8982.9938	0.75643183
8970.28	0.3071689845	8970.28	0.312560921	8983.3992	0.76324012
8970.58	0.307248662	8970.58	0.312576463	8983.7853	0.7731407
8970.88	0.3076043465	8970.88	0.313326081	8984.1907	0.78638697
8971.18	0.3067705194	8971.18	0.31426681	8984.5962	0.80089286
8971.48	0.3070489466	8971.48	0.314103297	8984.9824	0.8155464
8971.78	0.3081171194	8971.78	0.314594277	8985.388	0.83129763
8972.08	0.3083674513	8972.08	0.315407971	8985.7936	0.84749021
8972.38	0.3089654357	8972.38	0.316131091	8986.1992	0.86486162
8972.68	0.3086881258	8972.68	0.316135019	8986.5856	0.88293414
8972.98	0.3095611281	8972.98	0.316832242	8986.9913	0.90410828
8973.28	0.3098879447	8973.28	0.317569562	8987.397	0.92777833
8973.58	0.310150997	8973.58	0.318941802	8987.7835	0.95287955
8973.88	0.310845567	8973.88	0.319853843	8988.1893	0.98156138
8974.18	0.311774096	8974.18	0.320519866	8988.5951	1.01314095
8974.48	0.311913722	8974.48	0.320891285	8988.9817	1.0447823
8974.78	0.311626344	8974.78	0.322368	8989.3876	1.07908947
8975.08	0.313070626	8975.08	0.323706903	8989.7936	1.11454595
8975.38	0.312336417	8975.38	0.324538915	8990.1996	1.14943591
8975.68	0.314182714	8975.68	0.325996007	8990.5863	1.18190407
8975.98	0.314533333	8975.98	0.327675947	8990.9924	1.21398578
8976.28	0.315176584	8976.28	0.329520042	8991.3985	1.24283576
8976.58	0.316492546	8976.58	0.330786644	8991.7853	1.26671612
8976.88	0.316489435	8976.88	0.333495341	8992.1915	1.28686537
8977.18	0.319196147	8977.18	0.336026165	8992.5977	1.3013037
8977.48	0.320478584	8977.48	0.340288404	8992.9846	1.3092172
8977.78	0.323473287	8977.78	0.344446753	8993.3909	1.3118184
8978.08	0.325812114	8978.08	0.34891719	8993.7972	1.3088018
8978.38	0.328679153	8978.38	0.354861585	8994.1843	1.3020996
8978.68	0.330695698	8978.68	0.363149988	8994.5907	1.29201667
8978.98	0.332339474	8978.98	0.373466819	8994.9971	1.2803562
8979.28	0.333745781	8979.28	0.386460569	8995.3842	1.26842115
8979.58	0.334487132	8979.58	0.40436044	8995.7908	1.25621424
8979.88	0.333230704	8979.88	0.42921315	8996.1973	1.24514907
8980.18	0.33430222	8980.18	0.46184919	8996.5845	1.23584497
8980.48	0.334476201	8980.48	0.50038804	8996.9912	1.2281711
8980.78	0.335690119	8980.78	0.53487195	8997.3978	1.22311619
8981.08	0.338952007	8981.08	0.56864958	8997.7852	1.22099682
8981.38	0.340562575	8981.38	0.59578817	8998.1919	1.22182827
8981.68	0.345487287	8981.68	0.61927843	8998.5987	1.22603953
8981.98	0.350374022	8981.98	0.63137986	8998.9862	1.2331148
8982.28	0.355444224	8982.28	0.6382331	8999.393	1.24363691
8982.58	0.361911783	8982.58	0.64684196	8999.7999	1.25671788
8982.88	0.369580423	8982.88	0.64912685	9000.1874	1.27094627
8983.18	0.375470995	8983.18	0.65275259	9000.5944	1.28688414
8983.48	0.382965887	8983.48	0.64405231	9000.982	1.3016529
8983.78	0.389037394	8983.78	0.64565633	9001.3891	1.3151408
8984.08	0.40008343	8984.08	0.64527907	9001.7962	1.3255752
8984.38	0.41119229	8984.38	0.65187851	9002.1839	1.3316813
8984.68	0.42830814	8984.68	0.65534292	9002.591	1.3335635
8984.98	0.44779254	8984.98	0.6650901	9002.9982	1.3308208
8985.28	0.47210079	8985.28	0.68210526	9003.386	1.3245857
8985.58	0.5034534	8985.58	0.70451237	9003.7933	1.3152738
8985.88	0.5408062	8985.88	0.726424	9004.1812	1.3046255
8986.18	0.58006147	8986.18	0.74519892	9004.5885	1.29246718
8986.48	0.61972163	8986.48	0.77149847	9004.9959	1.28058359
8986.78	0.66154842	8986.78	0.79466367	9005.3839	1.2697132
8987.08	0.70182977	8987.08	0.8164586	9005.7914	1.25927213
8987.38	0.73867172	8987.38	0.83288531	9006.1989	1.249825
8987.68	0.77003634	8987.68	0.85287066	9006.587	1.2416006
8987.98	0.79715059	8987.98	0.8704127	9006.9945	1.23355288
8988.28	0.81865262	8988.28	0.88636887	9007.3827	1.22606393
8988.58	0.83469488	8988.58	0.89871909	9007.7904	1.2186971
8988.88	0.85018374	8988.88	0.91008188	9008.198	1.21134839
8989.18	0.86435324	8989.18	0.92622362	9008.5863	1.20479844
8989.48	0.87428004	8989.48	0.94353048	9008.9941	1.19858216
8989.78	0.89049633	8989.78	0.96086156	9009.3824	1.19345192
8990.08	0.90866138	8990.08	0.9767968	9009.7902	1.18895864
8990.38	0.93203583	8990.38	0.99995983	9010.1981	1.18582915
8990.68	0.95569654	8990.68	1.02592599	9010.5866	1.183961
8990.98	0.98386696	8990.98	1.05394915	9010.9945	1.18312721
8991.28	1.01831719	8991.28	1.08018706	9011.383	1.18333102
8991.58	1.057048	8991.58	1.10735469	9011.791	1.18423918
8991.88	1.09684222	8991.88	1.14042818	9012.1991	1.18575447
8992.18	1.14086233	8992.18	1.17542306	9012.5877	1.18773105
8992.48	1.18583421	8992.48	1.207455	9012.9958	1.19023404
8992.78	1.23439293	8992.78	1.23587743	9013.3846	1.19295872
8993.08	1.28215863	8993.08	1.26533188	9013.7928	1.19622775
8993.38	1.3287113	8993.38	1.29213437	9014.1815	1.19964916
8993.68	1.372234	8993.68	1.3205461	9014.5898	1.20392075
8993.98	1.4083529	8993.98	1.3427282	9014.9981	1.20869631
8994.28	1.4441612	8994.28	1.3583995	9015.387	1.2136587
8994.58	1.4757606	8994.58	1.3720748	9015.7954	1.2193563
8994.88	1.5016051	8994.88	1.3868103	9016.1843	1.22537527
8995.18	1.5267794	8995.18	1.3996064	9016.5928	1.2319678
8995.48	1.5486761	8995.48	1.4054359	9016.9818	1.23856577
8995.78	1.5686758	8995.78	1.4086258	9017.3904	1.24560736
8996.08	1.5898496	8996.08	1.4096247	9017.7989	1.25278771
8996.38	1.606717	8996.38	1.4164536	9018.1881	1.25955231
8996.68	1.6254091	8996.68	1.4216027	9018.5967	1.26654564
8996.98	1.6442089	8996.98	1.4214948	9018.9859	1.27317071
8997.28	1.6621481	8997.28	1.4181164	9019.3946	1.27992644
8997.58	1.6788275	8997.58	1.4230748	9019.7839	1.28629065
8997.88	1.6920595	8997.88	1.4333216	9020.1927	1.29280763
8998.18	1.701893	8998.18	1.4348951	9020.582	1.29886595
8998.48	1.7089589	8998.48	1.4337358	9020.9909	1.3052605
8998.78	1.7105301	8998.78	1.4281894	9021.3998	1.3116721
8999.08	1.7094855	8999.08	1.4325579	9021.7892	1.317395
8999.38	1.7038215	8999.38	1.4277992	9022.1982	1.3233832
8999.68	1.6895232	8999.68	1.4234293	9022.5878	1.3285838
8999.98	1.6732492	8999.98	1.4103421	9022.9968	1.3336838
9000.28	1.6540495	9000.28	1.4022994	9023.3864	1.3381027
9000.58	1.635681	9000.58	1.3920456	9023.7955	1.341843
9000.88	1.6172127	9000.88	1.3885342	9024.1852	1.3447944
9001.18	1.5965592	9001.18	1.3860563	9024.5944	1.3468522
9001.48	1.5779981	9001.48	1.3773577	9024.9841	1.347649
9001.78	1.5633485	9001.78	1.3732815	9025.3934	1.3472627
9002.08	1.5494038	9002.08	1.3712584	9025.7832	1.3457989
9002.38	1.5371648	9002.38	1.3791442	9026.1926	1.3431114
9002.68	1.5222013	9002.68	1.3783678	9026.5824	1.3395237
9002.98	1.5087823	9002.98	1.3772095	9026.9919	1.3349697
9003.28	1.4976314	9003.28	1.3756399	9027.3818	1.3299375
9003.58	1.4869352	9003.58	1.3780514	9027.7913	1.3240408
9003.88	1.4771297	9003.88	1.3812265	9028.1813	1.3179679
9004.18	1.4637208	9004.18	1.3751672	9028.5909	1.3112989
9004.48	1.4511173	9004.48	1.3703357	9028.981	1.3047649
9004.78	1.4412175	9004.78	1.3645204	9030.6588	1.27689359
9005.08	1.426337	9005.08	1.3595871	9032.3568	1.25411438
9005.38	1.4145196	9005.38	1.3508952	9034.0749	1.24045195
9005.68	1.4020496	9005.68	1.3416217	9035.8328	1.23516099
9005.98	1.3884788	9005.98	1.3317871	9037.611	1.23747939
9006.28	1.3750414	9006.28	1.3229956	9039.4289	1.24532236
9006.58	1.3627675	9006.58	1.3141741	9041.2476	1.25267284
9006.88	1.3515699	9006.88	1.3059829	9043.1258	1.2541945
9007.18	1.3401971	9007.18	1.29828073	9045.0048	1.25247013
9007.48	1.3316189	9007.48	1.29103663	9046.9237	1.25636561
9007.78	1.3259407	9007.78	1.28545677	9048.8631	1.26607175
9008.08	1.3226112	9008.08	1.27923881	9050.8425	1.27418782
9008.38	1.3192034	9008.38	1.27486773	9052.8424	1.27654676
9008.68	1.3180895	9008.68	1.274238	9054.8629	1.27966744
9008.98	1.3168595	9008.98	1.27067282	9056.9235	1.28932511
9009.28	1.3194977	9009.28	1.27012852	9059.0048	1.3030422
9009.58	1.3189085	9009.58	1.26652499	9061.1066	1.3145156
9009.88	1.3210262	9009.88	1.26556486	9063.2488	1.3233545
9010.18	1.3222296	9010.18	1.2636739	9065.4117	1.3330736
9010.48	1.3223346	9010.48	1.26272406	9067.5953	1.3459664
9010.9589	1.3254419	9010.9589	1.26064003	9069.8194	1.3589652
9011.7955	1.3241339	9011.7955	1.25751825	9072.0643	1.3641803
9012.8111	1.3192676	9012.8111	1.25292602	9074.3497	1.3570646
9013.8626	1.3047929	9013.8626	1.24758727	9076.6364	1.3399348
9014.9987	1.28588646	9014.9987	1.24403906	9078.9636	1.3184382
9016.1538	1.26849404	9016.1538	1.2398392	9081.3316	1.29984134
9017.328	1.25229755	9017.328	1.23888008	9083.7008	1.28406203
9018.5212	1.23340927	9018.5212	1.24159741	9086.1108	1.27310427
9019.7334	1.21523654	9019.7334	1.2452733	9088.5617	1.26755828
9020.9645	1.1965869	9020.9645	1.24872137	9091.0139	1.25758822
9022.2148	1.18309374	9022.2148	1.25295004	9093.5071	1.24146116
9023.484	1.1728011	9023.484	1.26149419	9096.0413	1.22748313
9024.7722	1.16720181	9024.7722	1.26720828	9098.5769	1.22372083
9026.0794	1.16605782	9026.0794	1.27001288	9101.1536	1.23177354
9027.4057	1.170978	9027.4057	1.27463681	9103.7517	1.2480605
9028.751	1.1806774	9028.751	1.2733296	9106.3909	1.26686248
9030.1152	1.19110411	9030.1152	1.2701925	9109.0516	1.28231581
9031.4985	1.20370702	9031.4985	1.26099509	9111.7338	1.29262118
9032.9008	1.2190532	9032.9008	1.25624326	9114.4375	1.2970878
9034.3221	1.23890738	9034.3221	1.25615182	9117.1826	1.29858276
9035.7624	1.25889915	9035.7624	1.25752399	9119.9493	1.2994388
9037.2218	1.27647073	9037.2218	1.26102386	9122.7576	1.305391
9038.7001	1.2936275	9038.7001	1.2677499	9125.5677	1.3235776
9040.1975	1.3087684	9040.1975	1.27681379	9128.4194	1.3519904
9041.7138	1.3218566	9041.7138	1.28418567	9131.293	1.3779265
9043.2492	1.3303264	9043.2492	1.28830238	9134.2083	1.388039
9044.8036	1.3414963	9044.8036	1.29156653	9137.1255	1.3847853
9046.377	1.3464726	9046.377	1.29330795	9140.0847	1.3758148
9047.9694	1.351509	9047.9694	1.29801318	9143.0858	1.3619312
9049.5808	1.358315	9049.5808	1.3028516	9146.089	1.3413889
9051.2113	1.3634332	9051.2113	1.3095313	9149.1343	1.3144551
9052.8607	1.3674231	9052.8607	1.3129796	9152.2017	1.28500316
9054.5292	1.3686118	9054.5292	1.3161877	9155.2912	1.25533016
9056.2166	1.3693124	9056.2166	1.3178118	9158.4231	1.23104526
9057.9231	1.3713505	9057.9231	1.3224522	9161.5773	1.22080795
9059.6486	1.3714241	9059.6486	1.3289034	9164.7538	1.22904937
9061.3931	1.370911	9061.3931	1.3331398	9167.9527	1.2517905
9063.1566	1.366905	9063.1566	1.3381826	9171.1942	1.27884382
9064.9391	1.3629227	9064.9391	1.3393114	9174.4581	1.29912673
9066.7407	1.3574401	9066.7407	1.3428104	9177.7446	1.3092364
9068.5612	1.3513892	9068.5612	1.3445332	9181.0538	1.3113438
9070.4008	1.3444161	9070.4008	1.3483687	9184.4057	1.3087822
9072.2594	1.3331318	9072.2594	1.3492309	9187.7804	1.3070456
9074.1369	1.3221675	9074.1369	1.3457805	9191.1779	1.3067819
9076.0335	1.3154172	9076.0335	1.3375054	9194.5982	1.3047719
9077.9491	1.3073757	9077.9491	1.3278311	9198.0413	1.301451
9079.8838	1.29991126	9079.8838	1.3169412	9201.5276	1.3045151
9081.8374	1.29241533	9081.8374	1.3056009	9205.037	1.3194921
9083.81	1.28665491	9083.81	1.29353769	9208.5694	1.3381272
9085.8017	1.28160369	9085.8017	1.28635794	9212.1452	1.3475177
9087.8123	1.28013763	9087.8123	1.28136806	9215.7239	1.3483138
9089.842	1.27767496	9089.842	1.27820546	9219.3461	1.3444793
9091.8907	1.27657965	9091.8907	1.27275771	9222.9916	1.3352933
9093.9584	1.27482468	9093.9584	1.26727235	9226.6605	1.3204256
9096.0451	1.27847016	9096.0451	1.26175824	9230.3528	1.3026816
9098.1508	1.28187136	9098.1508	1.25445754	9234.0889	1.28642235
9100.2755	1.28386438	9100.2755	1.25248363	9237.8486	1.27457524
9102.4193	1.28556274	9102.4193	1.25770323	9241.6319	1.27011142
9104.582	1.29095347	9104.582	1.26440464	9245.4388	1.2724304
9106.7638	1.29154661	9106.7638	1.27512414	9249.2695	1.27644995
9108.9646	1.29409565	9108.9646	1.28343493	9253.1444	1.27863996
9111.1844	1.29650895	9111.1844	1.29005532	9257.0226	1.28113286
9113.4232	1.29608526	9113.4232	1.29574474	9260.9453	1.28442958
9115.681	1.29886777	9115.681	1.29901662	9264.8919	1.28874698
9117.9578	1.3013988	9117.9578	1.3016898	9268.8626	1.29458529
9120.2536	1.3038035	9120.2536	1.3023666	9272.8779	1.3006571
9122.5685	1.3062928	9122.5685	1.3089535	9276.8968	1.3051596
9124.9023	1.309368	9124.9023	1.3206699	9280.9606	1.3087534
9127.2552	1.3116248	9127.2552	1.3336609	9285.0486	1.3119208
9129.6271	1.3153589	9129.6271	1.3434172	9289.161	1.3151327
9132.018	1.318374	9132.018	1.3514581	9293.2979	1.3179146
9134.4279	1.3212726	9134.4279	1.3568883	9297.4592	1.3204366
9136.8568	1.3225665	9136.8568	1.3571036	9301.6451	1.3206938
9139.3047	1.3231193	9139.3047	1.352778	9305.8763	1.316878
9141.7716	1.3245364	9141.7716	1.3444214	9310.1323	1.3113196
9144.2576	1.3266399	9144.2576	1.3372139	9314.3922	1.3053539
9146.7625	1.3296598	9146.7625	1.3266951	9318.6978	1.29944311
9149.2865	1.3284169	9149.2865	1.3152535	9323.0282	1.29574629
9151.8295	1.3275813	9151.8295	1.3002995	9327.3836	1.29519033
9154.3915	1.326172	9154.3915	1.28835249	9331.785	1.2955536
9156.9725	1.3272592	9156.9725	1.27945782	9336.1905	1.29359748
9159.5725	1.3239154	9159.5725	1.27247894	9340.6213	1.28899841
9162.1915	1.3171358	9162.1915	1.26860508	9345.0982	1.2845019
9164.8296	1.312829	9164.8296	1.27216017	9349.6005	1.28460884
9167.4866	1.3095959	9167.4866	1.28202822	9354.1072	1.28753539
9170.1627	1.305062	9170.1627	1.28869781	9358.6603	1.28922792
9172.8578	1.3030184	9172.8578	1.29594725	9363.239	1.2914788
9175.5718	1.2995323	9175.5718	1.29910667	9367.8433	1.29412167
9178.3049	1.29477028	9178.3049	1.301586	9372.4733	1.29676569
9181.057	1.29519522	9181.057	1.3021112	9377.1502	1.29926087
9183.8282	1.29453404	9183.8282	1.3038465	9381.8318	1.3017744
9186.6183	1.29073144	9186.6183	1.3016408	9386.5394	1.3040079
9189.4274	1.29047334	9189.4274	1.3007669	9391.294	1.3056742
9192.2556	1.29084648	9192.2556	1.29991004	9396.0536	1.3070082
9195.1028	1.29323794	9195.1028	1.29960181	9400.8605	1.3076125
9197.9689	1.29298145	9197.9689	1.29850025	9405.6724	1.3068631
9200.8541	1.29274032	9200.8541	1.3007914	9410.5319	1.3046167
9203.7583	1.29403818	9203.7583	1.3075815	9415.4177	1.3013067
9206.6815	1.29468577	9206.6815	1.3177457	9420.3087	1.29798795
9209.6237	1.29741356	9209.6237	1.3238234	9425.2476	1.29635357
9212.585	1.29846522	9212.585	1.3259103	9430.213	1.29623287
9215.5652	1.29924351	9215.5652	1.3252936	9435.2051	1.29671989
9218.5645	1.29851495	9218.5645	1.3248939	9440.2241	1.29690312
9221.5827	1.29925871	9221.5827	1.3203253	9445.2699	1.29630507
9224.62	1.29957759	9224.62	1.3138236	9450.3426	1.29510583
9227.6763	1.29990476	9227.6763	1.3062736	9455.4423	1.29339086
9230.7516	1.29852657	9230.7516	1.29760663	9460.5692	1.29267111
9233.8459	1.29794555	9233.8459	1.29233575	9465.7232	1.29295194
9236.9592	1.29754213	9236.9592	1.2847383	9470.9044	1.29281541
9240.0916	1.29847943	9240.0916	1.28282505	9476.113	1.29303255
9243.2429	1.29943451	9243.2429	1.28579	9481.3491	1.29388138
9246.4133	1.29814888	9246.4133	1.28733305	9486.6126	1.29526684
9249.6027	1.29895688	9249.6027	1.28725864	9491.9037	1.29721209
9252.811	1.29988263	9252.811	1.28667616	9497.2225	1.29914442
9256.0384	1.3007237	9256.0384	1.28770969	9502.5691	1.3010885
9259.2848	1.3012594	9259.2848	1.29116301	9507.9435	1.3028051
9262.5502	1.3007549	9262.5502	1.29288436	9513.3241	1.3037569
9265.8347	1.3009254	9265.8347	1.29580699	9518.7544	1.303608
9269.1381	1.3004371	9269.1381	1.29744079	9524.2128	1.3024042
9272.4606	1.2999639	9272.4606	1.3012971	9529.6994	1.3005524
9275.802	1.3009192	9275.802	1.3045628	9535.2143	1.29922225
9279.1625	1.3002996	9279.1625	1.3045559	9540.7576	1.29860314
9282.542	1.29900718	9282.542	1.3063681	9546.3074	1.2983145
9285.9405	1.29670377	9285.9405	1.3059455	9551.9077	1.29809753
9289.358	1.2969238	9289.358	1.3058689	9557.5365	1.29824199
9292.7945	1.29675438	9292.7945	1.3065127	9563.1722	1.29826668
9296.25	1.29624884	9296.25	1.3081519	9568.8586	1.29800141
9299.7246	1.29538682	9299.7246	1.3085288	9574.5519	1.29772568
9303.2181	1.29322711	9303.2181	1.3063872	9580.2742	1.2973633
9306.7307	1.29274629	9306.7307	1.3043547	9586.0475	1.29665506
9310.2622	1.29088385	9310.2622	1.301425	9591.828	1.2965558
9313.8128	1.28934308	9313.8128	1.29911341	9597.6377	1.29686326
9317.3824	1.29050723	9317.3824	1.29486026	9603.4767	1.29750687
9320.971	1.28931846	9320.971	1.29283511	9609.3452	1.29817705
9324.5787	1.28914878	9324.5787	1.29095063	9615.2432	1.29880835
9328.2053	1.29021599	9328.2053	1.29045716	9621.1708	1.29959435
9331.8509	1.29019241	9331.8509	1.29085725	9627.1059	1.3004005
9335.5156	1.28977931	9335.5156	1.28944239	9633.093	1.3009817
9339.1993	1.29229759	9339.1993	1.28885515	9639.0877	1.3012901
9342.9019	1.29381707	9342.9019	1.2852454	9645.1124	1.301428
9346.6236	1.29390158	9346.6236	1.28611633	9651.1895	1.301486
9350.3643	1.29467904	9350.3643	1.28572077	9657.2744	1.3014586
9354.124	1.29570469	9354.124	1.28788207	9663.3896	1.301257
9357.9028	1.29723649	9357.9028	1.28713538	9669.5127	1.3011374
9361.7005	1.29912858	9361.7005	1.28843649	9675.6887	1.3011671
9365.5172	1.29961815	9365.5172	1.29096105	9681.8952	1.3011592
9369.353	1.29871186	9369.353	1.29311594	9688.1099	1.3011424
9373.2078	1.3001213	9373.2078	1.29611954	9694.3553	1.3010949
9377.0815	1.3001405	9377.0815	1.29692344	9700.6316	1.3012591
9380.9743	1.3027991	9380.9743	1.29838592	9706.9387	1.3014498
9384.8861	1.29958248	9384.8861	1.3003395	9713.2769	1.3014469
9388.8169	1.3000883	9388.8169	1.3028288	9719.6463	1.3015588
9392.7668	1.3014127	9392.7668	1.30257	9726.0242	1.3018987
9396.7356	1.3005852	9396.7356	1.3010456	9732.4561	1.3020058
9400.7235	1.3039333	9400.7235	1.29988037	9738.8967	1.3025217
9404.7303	1.3032708	9404.7303	1.3007737	9745.3689	1.3029091
9408.7562	1.3034633	9408.7562	1.3025125	9751.8498	1.3034305
9412.8011	1.3034579	9412.8011	1.3014843	9758.3853	1.3038743
9416.865	1.3042707	9416.865	1.29860291	9764.9297	1.3043483
9420.9479	1.3026685	9420.9479	1.29893922	9771.5061	1.3047785
9425.0498	1.3022214	9425.0498	1.29996889	9778.1144	1.3049546
9429.1707	1.3051954	9429.1707	1.3018791	9784.7549	1.3052409
9433.3107	1.3026226	9433.3107	1.3013067	9791.4276	1.3055037
9437.4696	1.3053586	9437.4696	1.29912235	9798.1096	1.3057568
9441.6476	1.3052989	9441.6476	1.29775444	9804.8241	1.3059787
9445.8445	1.3057401	9445.8445	1.29913355	9811.571	1.3062024
9450.0605	1.3077275	9450.0605	1.29966266	9818.3506	1.3063345
9454.2955	1.308209	9454.2955	1.3005195	9825.1398	1.3064566
9458.5495	1.3089379	9458.5495	1.29942802	9831.985	1.3065871
9462.8226	1.3084127	9462.8226	1.299493	9838.84	1.3067232
9467.1146	1.3095632	9467.1146	1.3015952	9845.7047	1.3069635
9471.4256	1.311671	9471.4256	1.3033049	9852.6259	1.30711
9475.7557	1.3117396	9475.7557	1.3025643	9859.557	1.307387
9480.1047	1.312953	9480.1047	1.3013051	9866.5214	1.3074161
9484.4728	1.3122639	9484.4728	1.3004285	9873.5193	1.3076425
9488.8599	1.3131878	9488.8599	1.3043318	9880.5274	1.3079713
9493.266	1.315212	9493.266	1.3072185	9887.5691	1.3082101
9497.6911	1.3147626	9497.6911	1.3082354	9894.6446	1.3085211
9502.1352	1.3158727	9502.1352	1.310523	9901.754	1.3090826
9506.5984	1.3187711	9506.5984	1.3107224	9908.8738	1.3092055
9511.0805	1.3196328	9511.0805	1.3141152	9916.0514	1.3096832
9515.5817	1.3208169	9515.5817	1.3142273	9923.2159	1.309853
9520.1018	1.3209243	9520.1018	1.3142399	9930.4383	1.3101427
9524.6801	1.3242065	9524.6801	1.3122364	9937.6715	1.3104148
				9944.9393	1.3106768
				9952.2417	1.3109795
				9959.5551	1.3111885
				9966.9033	1.3114728
				9974.2865	1.3117261
