701.103516	41.5890035921348	1287.466797	18.1213582665522
699.90332	5.79177034239547	1286.394531	25.5494788655564
698.702148	38.058628112813	1285.322266	26.0161694405344
697.501953	41.8726012810661	1284.25	22.9797439225699
696.300781	39.2314302961571	1283.177734	13.5471945426275
695.099609	63.7521556823907	1282.104492	5.68843663344339
693.897461	84.9961158709415	1281.03125	0.384934274776742
692.695313	109.405251776562	1279.958008	-5.72496898517882
691.493164	135.454027129412	1278.884766	-10.4516998579773
690.291016	128.913429531925	1277.811523	-8.31250248161804
689.088867	160.20341958344	1276.737305	-4.80093212911833
687.885742	153.478355332539	1275.663086	1.45495211464734
686.682617	124.630970170094	1274.588867	-16.6355940196002
685.478516	114.895641516078	1273.514648	-26.8701540894578
684.275391	139.874914896894	1272.439453	-24.9145002371705
683.071289	100.938582329618	1271.365234	-39.3343935520033
681.867188	129.158353205118	1270.290039	-48.9578385987121
680.662109	146.274825987909	1269.213867	-33.5942990806305
679.458008	178.361825716058	1268.138672	-18.9218793388045
678.25293	172.57921032415	1267.063477	-21.8475847059675
677.046875	162.558571050357	1265.987305	-6.34357221545686
675.841797	117.00508834086	1264.911133	8.76452937178707
674.635742	93.6707038194672	1263.834961	4.66961514039325
673.429688	59.8638286231195	1262.757813	1.75655577175338
672.223633	49.3508340886088	1261.681641	-2.32860518057916
671.016602	67.8560805176741	1260.604492	-24.9959967151211
669.80957	90.7636297044992	1259.527344	-40.6192804875475
668.602539	105.243135776293	1258.449219	-65.0358520357877
667.395508	84.1872214849318	1257.37207	-72.4306878004761
666.1875	113.224505352165	1256.293945	-77.670985318598
664.979492	121.669880377616	1255.21582	-65.2987428227462
663.771484	112.815158503904	1254.137695	-56.4542409229925
662.563477	97.8594575669308	1253.05957	-47.2084324936676
661.354492	125.962006859265	1251.980469	-60.6350711510777
660.145508	125.484248427093	1250.901367	-64.6839974208917
658.936523	112.945525580476	1249.822266	-54.6686611723526
657.726563	143.61610187762	1248.743164	-52.0795817050886
656.516602	206.066757873805	1247.663086	-52.0164292075632
655.306641	256.887475407018	1246.583984	-29.8906218174079
654.09668	325.177520038404	1245.503906	-30.2145162015394
652.885742	400.393035978436	1244.423828	-36.4012005833438
651.674805	452.617321343569	1243.342773	-41.4134661149118
650.463867	478.888749478346	1242.262695	-26.9110853559356
649.25293	517.988688077162	1241.181641	-41.0801190450568
648.041016	589.260393694761	1240.100586	-44.3176604193153
646.829102	656.933185318348	1239.019531	-38.2042008277667
645.617188	732.795321115993	1237.9375	-16.1142923821404
644.404297	781.93213958247	1236.855469	-23.8374569822974
643.191406	820.756046891287	1235.773438	10.7210065198677
641.978516	846.299260634203	1234.691406	21.7177535790464
640.765625	863.240251182935	1233.609375	25.1751474577146
639.551758	871.15260782851	1232.526367	11.750576833572
638.338867	882.665036068978	1231.444336	13.2088281030154
637.124023	883.063639065055	1230.361328	3.81264259821358
635.910156	834.131149470728	1229.277344	9.48289516445291
634.695313	845.8906591955	1228.194336	1.33114360563881
633.480469	852.859243679941	1227.110352	2.70541550104714
632.265625	870.561183086592	1226.026367	14.9716379438708
631.050781	902.356211641885	1224.942383	15.7478676135651
629.834961	966.705110221545	1223.858398	16.5296991240227
628.619141	923.058729392807	1222.773438	20.2280213819289
627.402344	920.758217319379	1221.688477	14.2001714945436
626.186523	899.850061967758	1220.603516	16.3239836721688
624.969727	898.887608158525	1219.518555	9.11971796756963
623.75293	867.599763926919	1218.433594	-8.75434006604483
622.535156	895.688273433434	1217.347656	-9.54548853739277
621.318359	902.225243445626	1216.261719	-17.520498239159
620.100586	884.341752267275	1215.175781	-33.6570013308474
618.882813	830.710418940064	1214.088867	-46.102824046371
617.664063	800.816483333792	1213.00293	-30.797100862253
616.445313	764.085404344653	1211.916016	-32.5750361519217
615.226563	731.387320269272	1210.829102	-35.8993316228414
614.007813	742.512343480723	1209.742188	-43.4941312990317
612.788086	745.98234150401	1208.654297	-46.826236689774
611.569336	688.290136631213	1207.566406	-48.0380427924564
610.348633	625.045330346745	1206.478516	-37.0475095433626
609.128906	589.661795623876	1205.390625	-17.919946193514
607.908203	532.849185970582	1204.302734	-3.63874102553114
606.6875	493.907253749335	1203.213867	0.567442822704314
605.466797	495.833613329706	1202.125	6.88797329796184
604.246094	507.250545508197	1201.036133	-12.1549166726566
603.024414	481.355272270168	1199.947266	-31.3900388792186
601.802734	434.926369531568	1198.857422	-37.8527240333745
600.580078	373.795149661991	1197.767578	-40.2490361824857
599.358398	337.615153682295	1196.677734	-48.6542542512053
598.135742	303.834989782659	1195.587891	-54.5319967288106
596.913086	239.106110607247	1194.498047	-33.9345188821462
595.689453	255.189851474324	1193.407227	-22.81915930589
594.466797	206.181696314822	1192.316406	-12.6729442665281
593.243164	240.823737746378	1191.225586	-12.0024391932297
592.018555	173.729333580343	1190.133789	10.2954222676344
590.794922	171.132704284349	1189.042969	-6.84621687670239
589.570313	87.2168814242636	1187.951172	-18.0215486334172
588.345703	88.240152489235	1186.859375	-27.4749295935192
587.121094	8.7630835023625	1185.767578	-24.2107666763581
585.895508	51.6560481915593	1184.674805	-32.9258326187172
584.669922	87.3471919774209	1183.582031	-13.2726626133691
583.444336	117.177404496527	1182.489258	-9.0500282619366
582.217773	177.695813236137	1181.396484	-9.64408774370617
580.992188	177.428985448354	1180.302734	-13.5226813201399
579.765625	166.263933848535	1179.209961	-25.2956856154549
578.538086	105.972458656236	1178.116211	-32.6478197667483
577.311523	168.233944674814	1177.022461	-29.390452209539
576.083984	161.44099937841	1175.927734	-23.2351672145234
574.856445	205.728128922328	1174.833984	-26.5202517217352
573.628906	257.41005778884	1173.739258	-17.2779147952484
572.400391	287.052075811707	1172.644531	-25.3773229784886
571.171875	315.310149776747	1171.548828	-9.99580085235341
569.943359	321.567907866698	1170.454102	-7.69295144702864
568.713867	341.473544760498	1169.358398	-2.49980373950746
567.485352	365.874042620518	1168.262695	-2.69198436939344
566.255859	401.886249238367	1167.166016	-6.92081429332499
565.025391	410.830836953286	1166.070313	-23.8562076679896
563.795898	469.536697444334	1164.973633	-15.4004986220481
562.56543	499.184598571724	1163.876953	-13.6698668539476
561.334961	568.128002911281	1162.780273	0.745809802790195
560.103516	601.447089380082	1161.683594	19.5801100875554
558.873047	630.131035084538	1160.585938	20.5451790535718
557.641602	706.407787993794	1159.488281	15.1688372550011
556.40918	802.125588029654	1158.390625	11.5302621669102
555.177734	874.154213679792	1157.291992	13.8342719439312
553.945313	1040.13852678934	1156.194336	12.6841176940143
552.712891	1216.37408074517	1155.095703	9.0522532239038
551.479492	1341.66130721559	1153.99707	6.76311203362768
550.24707	1530.58708711288	1152.897461	21.9302496229125
549.013672	1684.70897790804	1151.798828	12.7358828544418
547.780273	1847.4485749983	1150.699219	14.4710308941894
546.545898	2022.49610757652	1149.599609	30.9737032004283
545.3125	2206.61639363638	1148.5	35.9778471005058
544.078125	2412.93882230393	1147.399414	27.5626911118975
542.842773	2602.29859256607	1146.298828	29.8853199465554
541.608398	2798.61174288394	1145.198242	20.2298564782952
540.373047	2889.18022037712	1144.097656	9.45487460058503
539.137695	3065.16747949379	1142.99707	2.16611465355569
537.901367	3183.29475471129	1141.895508	1.41533343042385
536.665039	3236.68883855062	1140.793945	-8.6799269432087
535.429688	3257.89290384339	1139.692383	-3.53325390427883
534.192383	3281.64628123144	1138.589844	-5.84829867094113
532.956055	3181.28384707338	1137.488281	6.75241100662006
531.71875	3089.60782750139	1136.385742	-4.35580623077888
530.481445	3063.58455835778	1135.282227	7.28591361490775
529.243164	2925.56895428344	1134.179688	3.05390541328451
528.005859	2821.44280362208	1133.076172	1.11906031367974
526.767578	2701.79526099997	1131.973633	-10.9476233764015
525.529297	2531.97223570284	1130.869141	1.6357970024226
524.290039	2305.88024331464	1129.765625	-3.742069300767
523.050781	2208.78770519434	1128.661133	-1.86489392761058
521.811523	2087.51826788968	1127.557617	-6.2822589640622
520.572266	1942.96388591298	1126.452148	-5.16730748774456
519.332031	1790.30410264803	1125.347656	-13.214680062574
518.092773	1685.92093507651	1124.243164	-8.67255235032716
516.851563	1507.21959464358	1123.137695	-6.99624412441768
515.611328	1334.42060968137	1122.032227	2.88410619411587
514.370117	1243.99185702281	1120.925781	4.371134282254
513.128906	1159.85195989525	1119.820313	15.5763250841406
511.887695	1079.12489511327	1118.713867	11.5309158280514
510.645508	1000.20065565798	1117.607422	4.62761008801727
509.404297	948.911704664523	1116.500977	-11.6035165606159
508.161133	829.614407989031	1115.393555	-11.2680894038247
506.918945	725.638932179217	1114.287109	-16.26983669002
505.675781	583.253519009997	1113.179688	-15.5563169054606
504.432617	484.108690040066	1112.071289	-14.6519130527733
503.189453	381.401493509421	1110.963867	-16.0202127475822
501.946289	335.877215937143	1109.855469	-17.0232536353276
500.702148	302.363823867774	1108.74707	-19.929379047323
499.458008	291.569714464591	1107.638672	-18.843740003742
498.212891	248.541574956698	1106.530273	-18.8978859963959
496.96875	195.819223436011	1105.420898	-12.1000974733351
495.723633	172.725268961821	1104.311523	-10.4482590786591
494.477539	94.8995683386318	1103.202148	-17.7226126902343
493.232422	79.0598319808181	1102.091797	-18.9241204779245
491.986328	89.9911440989414	1100.982422	-0.0028010836008832
490.740234	90.8357549118118	1099.87207	28.4085199285172
489.494141	60.2735839467339	1098.760742	27.3939906583283
488.24707	66.2017177035141	1097.650391	45.9274951659135
487	19.3147301424957	1096.539063	68.9979276312557
485.75293	-32.6216190359362	1095.427734	61.3259600511552
484.505859	-52.1466231507326	1094.316406	55.925221201348
483.257813	-95.8072981112368	1093.205078	78.4085295941531
482.009766	-133.936926480853	1092.092773	78.5149888129198
480.760742	-132.773337400055	1090.980469	75.1954723137662
479.512695	-119.855346936103	1089.868164	93.6719390159065
478.263672	-121.079495771687	1088.755859	102.47895126086
477.014648	-91.6533217930312	1087.642578	108.056866240268
475.764648	-58.2952326412131	1086.529297	152.071114808816
474.515625	-73.3904461378992	1085.416016	174.678632207847
473.265625	-105.24555230716	1084.302734	200.298258001234
472.014648	-97.731046298282	1083.188477	245.209796685382
470.764648	-96.1933581724232	1082.074219	298.427799310198
469.513672	-81.5051565053731	1080.959961	332.696412442409
468.262695	-48.2881926097205	1079.845703	398.349279556345
467.010742	6.00143715631057	1078.730469	467.943143657184
465.759766	-42.7421212038149	1077.615234	531.07915206849
464.507813	-55.7767710365723	1076.5	574.539664885928
463.254883	-102.155509935546	1075.384766	597.583325359465
462.00293	-117.321452369609	1074.268555	588.874828735424
460.75	-146.682910529938	1073.152344	542.76940434178
459.49707	-79.7086468530721	1072.036133	493.642617234474
458.243164	-63.9802906126406	1070.919922	445.85472819079
456.990234	-42.2974416852445	1069.802734	385.072564030442
455.736328	-24.2561963121643	1068.685547	321.108526897597
454.481445	-2.31248136558097	1067.568359	284.526110414115
453.227539	-22.6897218787988	1066.451172	241.721870837824
451.972656	-32.3986408333283	1065.333008	206.095859985056
450.717773	-29.8151862485065	1064.214844	182.189939008823
449.461914	-60.0853550710956	1063.09668	186.001925612015
448.207031	-42.066537243011	1061.978516	178.126536039227
446.951172	-54.6341169631389	1060.859375	166.86175090757
445.695313	-37.818126368941	1059.740234	161.246288154433
444.438477	9.45567280214564	1058.621094	168.636281597144
443.181641	25.4232567091331	1057.501953	157.940876822145
441.924805	17.6248519048484	1056.381836	164.189130176254
440.667969	62.2783487806399	1055.261719	183.419771639708
439.410156	55.0036488252259	1054.141602	181.195447704811
438.152344	18.793700056629	1053.021484	180.288579557503
436.894531	29.0131659407183	1051.900391	190.290828139458
435.635742	81.8242137016565	1050.779297	186.556597284561
434.376953	70.6174920739508	1049.658203	164.394840408854
433.118164	107.585099654823	1048.537109	178.70245456742
431.859375	112.857771076993	1047.415039	189.625011254772
430.599609	119.611694955525	1046.292969	188.894098491727
429.339844	73.5152096163616	1045.170898	185.724585466458
428.080078	48.7196593575602	1044.048828	217.292000721013
426.819336	15.1810810101761	1042.925781	226.869662442553
425.55957	37.2085804741011	1041.802734	226.128010780488
424.297852	78.7351251374301	1040.679688	224.829189138906
423.037109	93.6369724838911	1039.555664	243.040852422546
421.775391	144.602632030064	1038.432617	225.967153978197
420.513672	223.904695279847	1037.308594	202.897379767171
419.251953	254.768739345483	1036.18457	201.213871586289
417.990234	242.903641795857	1035.05957	212.091305487168
416.727539	219.482473859574	1033.935547	199.718967157437
415.464844	224.473425739474	1032.810547	197.847659495637
414.201172	177.144125046843	1031.68457	205.158526683628
412.9375	183.315130402759	1030.55957	190.179235456749
411.673828	169.97482130504	1029.433594	167.895496315162
410.410156	251.300237416082	1028.307617	161.345237779049
409.146484	253.008922930554	1027.181641	144.129785476512
407.881836	276.412242252549	1026.054688	132.899739371469
406.617188	255.363574380063	1024.928711	143.193518625914
405.351563	314.10577539263	1023.801758	151.054640749173
404.085938	323.586605965035	1022.673828	144.138486191499
402.820313	365.33915034339	1021.546875	145.082425607795
401.554688	387.779431107401	1020.418945	131.441525953049
400.289063	494.825556492345	1019.291016	121.157649191806
399.022461	522.991244107365	1018.163086	121.524354751404
397.755859	548.013305231399	1017.03418	118.724687640002
396.488281	596.505723098118	1015.90625	122.833563137611
395.220703	659.240340234444	1014.776367	145.610568818247
393.953125	691.492572924671	1013.647461	143.366600175817
392.685547	741.680377163075	1012.518555	130.107435156435
391.416992	786.441472887569	1011.388672	127.120990909393
390.149414	787.628972345083	1010.258789	93.7338917747474
388.879883	815.619696289822	1009.12793	62.0164891683043
387.611328	802.08394181008	1007.998047	42.9960970567751
386.341797	815.014450602923	1006.867188	27.1508966756442
385.072266	829.895447836257	1005.736328	12.0549619841171
383.802734	862.051552489816	1004.604492	20.4581909731505
382.532227	913.046797701932	1003.473633	7.05461698715389
381.261719	932.361961481998	1002.341797	3.52270279928645
379.991211	930.065893471286	1001.209961	0.363765408042202
378.720703	894.553002223455	1000.077148	2.78774938419616
377.449219	890.051632050608	998.944336	0.746584555488625
376.177734	821.498129125824	997.8125	3.17730876834232
374.905273	753.957260669371	996.678711	-7.41984745829187
373.633789	692.653781331949	995.545898	-3.51297536441198
372.361328	661.651439873564	994.412109	-4.63292440993935
371.088867	565.991428363504	993.27832	-9.46357206941759
369.81543	476.2526768416	992.144531	-8.90272388544648
368.541992	423.294322951322	991.009766	0.579491163700664
367.268555	345.865778347007	989.875977	-8.90070184303549
365.995117	258.387899500356	988.741211	-16.5232104085846
364.720703	240.575398220306	987.605469	-20.4212273600737
363.446289	212.786173296013	986.470703	-9.47508588751697
362.171875	153.027105259313	985.334961	-3.3606631170153
360.896484	177.742790694583	984.199219	-2.80850764564474
359.621094	141.374599512476	983.063477	0.151106178301898
358.345703	97.9046848995611	981.926758	10.1294903968486
357.070313	60.602543259224	980.790039	12.4446438962536
355.793945	38.6768126955711	979.65332	10.8277331808851
354.517578	-26.6409605447119	978.516602	11.405826266697
353.241211	8.56571175558711	977.378906	8.97402264217783
351.963867	18.0415842850307	976.241211	-2.54223697864776
350.686523	90.3957438259302	975.103516	-9.80894853480301
349.40918	127.171482768915	973.964844	-11.3301523777078
348.131836	170.184587340203	972.827148	-20.0616637612845
346.853516	156.476396946771	971.688477	-16.0255601925612
345.575195	152.60107808138	970.548828	1.70840929918543
344.296875	116.762042012307	969.410156	-0.185253171957324
343.017578	74.6910220873095	968.270508	-7.25805791497463
341.738281	84.6192979233558	967.130859	3.06595556212022
340.458984	54.6294845557055	965.991211	6.90110091681483
339.178711	80.8241595511529	964.850586	-5.719066373583
337.898438	91.357263593232	963.710938	-3.55089684899543
336.618164	96.1552100236535	962.570313	-3.59558190935269
335.337891	73.5709156081132	961.428711	4.85138541509122
334.056641	118.893954477022	960.288086	-0.930325799232326
332.775391	88.4102409863666	959.146484	4.56030161739847
331.494141	50.2389877897556	958.004883	3.39467324139626
330.211914	122.552319839344	956.862305	1.68220852964747
328.930664	114.727516086313	955.720703	-11.11096102445
327.647461	58.837521815284	954.578125	-16.149178580713
326.365234	37.2767360452443	953.43457	-17.5001762120785
325.082031	55.0717606632432	952.291992	-18.4863759795735
323.798828	36.7944945174815	951.148438	-3.61556455524985
322.515625	16.7322922702842	950.004883	5.90803899768884
321.231445	21.8935600700919	948.861328	26.1113026569675
319.947266	38.7133841592608	947.716797	51.2769525494287
318.663086	52.8688255429152	946.573242	67.409840223248
317.378906	-7.10414685345568	945.428711	77.269457221313
316.09375	-17.090888793975	944.283203	90.0772209465199
314.808594	18.2474994989785	943.138672	85.9388147449067
313.522461	29.4928076658049	941.993164	62.1059225570566
312.237305	-0.0304406551382272	940.847656	52.8142351128732
310.951172	91.8359229104895	939.701172	37.8206124064373
309.664063	189.582057414476	938.555664	22.2812366424611
308.37793	251.089870568334	937.40918	23.8425308179587
307.09082	341.297762231076	936.262695	27.4358487319466
305.803711	481.543432487084	935.115234	20.9133235697582
304.515625	542.939973909381	933.967773	24.6806398395387
303.228516	654.159685776929	932.820313	31.5716387442266
301.94043	789.801023318339	931.672852	20.0877898530928
300.651367	891.182731327543	930.525391	13.020398145388
299.363281	950.714824459752	929.376953	5.03769231884601
298.074219	1107.20611669782	928.228516	1.08409479207659
296.785156	1171.07437653525	927.079102	-0.668476023249208
295.495117	1247.46910570686	925.930664	-1.68108808708757
294.205078	1346.62133166877	924.78125	-5.25664123140892
292.915039	1487.40655196334	923.631836	2.90140757335232
291.625	1599.31783004049	922.481445	-0.86723859429677
290.333984	1714.80974643473	921.332031	-15.0451510867991
289.042969	1809.63385141047	920.181641	-32.2903839205591
287.751953	1888.47594437222	919.030273	-39.2318636820462
286.459961	1938.23406263211	917.879883	-56.3977773177483
285.167969	1949.74296626181	916.728516	-70.7756011375986
283.875977	1951.0404554897	915.577148	-56.0421807956288
282.583984	1965.67959942435	914.425781	-50.8164383327189
281.291016	1965.97603050928	913.273438	-46.8766452011157
279.998047	1925.45108195168	912.121094	-41.1081289719467
278.704102	1936.64792462211	910.96875	-24.9220189399142
277.411133	1904.55990718882	909.816406	-20.2791297148283
276.117188	1812.51610376023	908.663086	-3.37299588064608
274.822266	1708.56127234712	907.509766	-8.58073453905248
273.52832	1604.06208026239	906.356445	-7.76076792378223
272.233398	1431.10188919709	905.203125	-16.6340193815339
270.938477	1281.53720321771	904.048828	-39.0265855387925
269.642578	1119.78692783531	902.894531	-47.7176043845219
268.347656	961.896450660348	901.740234	-34.1200374672714
267.051758	799.549016323644	900.584961	-36.7719394866465
265.754883	622.399408710617	899.429688	-28.1169304162441
264.458984	505.5319859459	898.274414	-31.4954084834503
263.162109	408.727664835241	897.119141	-39.805304629708
261.865234	347.598053492121	895.962891	-49.0277787527222
260.567383	277.269376548094	894.806641	-48.7611456579878
259.269531	251.462444631152	893.650391	-62.5400770171745
257.97168	174.22137527528	892.493164	-56.6240551112332
256.673828	133.875136721005	891.336914	-58.5442199676708
255.375	76.8342861143334	890.179688	-63.925374724197
254.076172	58.6089488405949	889.021484	-62.0243608788219
252.777344	-15.1483129024036	887.864258	-55.0281145218136
251.477539	14.3421559987884	886.706055	-61.3196441077114
250.177734	-3.27225600358943	885.547852	-38.1356003906519
248.87793	30.6273459791843	884.389648	-20.7747158203035
247.577148	42.4563038841883	883.230469	2.39170422814135
246.276367	57.7484039294035	882.071289	4.82392063413202
244.975586	82.2175543439542	880.912109	20.1703636166903
243.674805	85.3033205974909	879.751953	12.5908500794148
242.373047	77.1398093418971	878.592773	5.3849333883507
241.071289	89.6827590398974	877.432617	-18.3615290371602
239.769531	107.701145292871	876.271484	-32.4611702218618
238.466797	84.1151239888317	875.111328	-40.9337275697658
237.164063	155.883866786977	873.950195	-54.8512780548768
235.861328	180.305566569613	872.789063	-52.2458788242321
234.558594	238.957628998573	871.626953	-51.0887342434053
233.254883	326.007071008842	870.46582	-45.5722129605305
231.951172	351.069291622653	869.303711	-54.2099787920875
230.646484	429.759400973088	868.141602	-46.7080428866547
229.341797	487.533345396985	866.978516	-57.8859596956243
228.037109	445.24140478716	865.81543	-53.8357578051145
226.732422	378.498819032551	864.652344	-60.110262837728
225.426758	301.626762959735	863.489258	-50.8015916538043
224.12207	180.587208440719	862.325195	-40.7854721642317
222.81543	56.4911027332066	861.161133	-26.4162817705399
221.509766	-32.5854197436234	859.99707	-21.302187474039
220.203125	-75.4538339660565	858.833008	5.66481925808108
218.896484	-101.558478498389	857.667969	12.8422143574071
217.588867	-134.874050496112	856.50293	8.19296904221242
216.282227	-140.999276521261	855.337891	-2.65092815717542
214.974609	-97.9999693138325	854.171875	-5.58445841980833
213.666016	-60.8564401854277	853.006836	-15.5775493925238
212.358398	8.74829058687865	851.84082	-31.8813585514246
211.049805	17.4163954722109	850.673828	-43.847784046133
209.741211	36.0851290139213	849.507813	-36.835333383507
208.431641	71.2984191574175	848.34082	-33.0856256635206
207.12207	53.6926383276386	847.172852	-40.7130355929111
205.8125	60.3034945730548	846.005859	-37.8525562765617
204.50293	19.1839024433084	844.837891	-23.2712733826294
--	--	843.669922	-37.7463964994813
--	--	842.501953	-55.2914560689207
--	--	841.333008	-54.6111263586154
--	--	840.164063	-35.1766823058762
--	--	838.995117	-59.2023928128142
--	--	837.826172	-43.917466479086
--	--	836.65625	-36.9263161842527
--	--	835.486328	-39.4936923575673
--	--	834.316406	-46.0373569837201
--	--	833.145508	-31.4875654421902
--	--	831.975586	-47.5583069932457
--	--	830.803711	-52.1036388159799
--	--	829.632813	-52.8702503003201
--	--	828.460938	-56.1657959121329
--	--	827.290039	-47.0482543014578
--	--	826.117188	-39.7161993821677
--	--	824.945313	-36.8863321643193
--	--	823.772461	-24.1793929742308
--	--	822.599609	-18.8486915845097
--	--	821.426758	-12.091575422097
--	--	820.25293	5.27430332403111
--	--	819.079102	26.5833543012065
--	--	817.905273	17.8990559537103
--	--	816.731445	14.4209344013478
--	--	815.556641	-6.10927833014475
--	--	814.381836	-26.2718038026328
--	--	813.206055	-36.2161260067318
--	--	812.03125	-38.010114058363
--	--	810.855469	-49.9622877611057
--	--	809.679688	-37.1128528676396
--	--	808.50293	-37.0980212697751
--	--	807.327148	-42.0537984464257
--	--	806.150391	-29.4513544358334
--	--	804.973633	-18.6353732829244
--	--	803.795898	-17.506022056758
--	--	802.618164	-0.970184017079826
--	--	801.44043	9.10914006770513
--	--	800.262695	-2.82277585768039
--	--	799.083984	11.1831919775566
--	--	797.905273	14.4518918582045
--	--	796.726563	25.5842870447359
--	--	795.546875	26.7029782681736
--	--	794.367188	47.8433309584251
--	--	793.1875	42.5251057494212
--	--	792.007813	42.7474787699767
--	--	790.827148	26.8956742060242
--	--	789.646484	11.768078251019
--	--	788.46582	6.27022419035121
--	--	787.285156	4.88583269895438
--	--	786.103516	12.7733034428328
--	--	784.921875	29.4062122898678
--	--	783.739258	42.83214985697
--	--	782.557617	38.5915305296197
--	--	781.375	32.2181906313614
--	--	780.192383	16.2140545279301
--	--	779.008789	3.59764626481245
--	--	777.825195	0.964505560933051
--	--	776.641602	8.65709225115401
--	--	775.458008	9.94809111417076
--	--	774.273438	10.7032202777387
--	--	773.088867	10.0314343680414
--	--	771.904297	7.04564033030723
--	--	770.719727	-2.88504703404598
--	--	769.53418	-9.06603664625113
--	--	768.348633	-15.9575735045152
--	--	767.162109	-15.0319366043852
--	--	765.976563	-4.15865469409182
--	--	764.790039	-15.5604096305824
--	--	763.603516	-4.19042676063834
--	--	762.416016	8.98387988111545
--	--	761.228516	10.4631950354328
--	--	760.041016	-4.00627112865811
--	--	758.853516	1.87280897555616
--	--	757.665039	-1.84519972071403
--	--	756.476563	-0.425848039216045
--	--	755.288086	0.460486004058494
--	--	754.099609	1.35148491433194
--	--	752.910156	-1.65922779589663
--	--	751.720703	6.48109683243977
--	--	750.53125	7.87817574410906
--	--	749.34082	-1.70149114764765
--	--	748.150391	2.88550894555184
--	--	746.959961	5.34806856444688
--	--	745.768555	-1.05727546135074
--	--	744.577148	-1.27366066501748
--	--	743.385742	0.114233298513604
--	--	742.194336	-11.4161512383723
--	--	741.001953	-10.3908852988467
--	--	739.80957	-0.894454379104255
--	--	738.617188	-0.421813692439986
--	--	737.424805	11.189833034252
--	--	736.231445	31.6307517313958
--	--	735.038086	41.1095549360394
--	--	733.84375	26.9130191172994
--	--	732.650391	24.1891725446876
--	--	731.456055	21.6407822580456
--	--	730.260742	16.7930019336909
--	--	729.066406	10.9188052660578
--	--	727.871094	20.6433176171228
--	--	726.675781	13.5091747075161
--	--	725.479492	10.3282365189763
--	--	724.28418	13.0351488069238
--	--	723.087891	17.3773678192234
--	--	721.891602	14.1374340229679
--	--	720.694336	21.8211109096138
--	--	719.49707	44.6344318308249
--	--	718.299805	40.3348391755672
--	--	717.101563	26.0114953337547
--	--	715.904297	26.2888177787575
--	--	714.706055	16.1871329143638
--	--	713.506836	6.94431504734565
--	--	712.308594	8.97431415681242
--	--	711.109375	15.0595559280542
--	--	709.910156	16.9095160519734
--	--	708.709961	14.2001305717136
--	--	707.509766	-2.22792096205308
--	--	706.30957	-12.8499714976738
--	--	705.109375	-4.32980807400621
--	--	703.908203	-11.4404260100714
--	--	702.707031	-8.53730847863099
--	--	701.505859	-4.94090607645895
--	--	700.304688	-13.2657875053214
--	--	699.102539	-27.0360664764381
--	--	697.900391	-24.3233446720215
--	--	696.697266	-26.1658318418893
--	--	695.495117	-29.2424385444561
--	--	694.291992	-22.6695503911145
--	--	693.087891	-16.2797531216444
--	--	691.884766	-26.1848206726772
--	--	690.680664	-24.8807974689176
--	--	689.476563	-21.8095833878551
--	--	688.271484	-16.3678233768935
--	--	687.067383	-9.79206009044119
--	--	685.862305	-3.11979860499595
--	--	684.65625	9.57983929296866
--	--	683.451172	21.2872492162198
--	--	682.245117	24.6081002811677
--	--	681.039063	16.8901735828129
--	--	679.832031	23.2760668770357
--	--	678.625	17.5510280373762
--	--	677.417969	14.2129259459824
--	--	676.210938	14.8508275479181
--	--	675.00293	23.6689293364898
--	--	673.794922	22.0039849832267
--	--	672.586914	18.9418333098738
--	--	671.37793	6.27693414418704
--	--	670.169922	6.16892968528853
--	--	668.959961	-7.79834641800117
--	--	667.750977	-20.1303291205288
--	--	666.541016	-30.8286758093014
--	--	665.331055	-28.0553883474525
--	--	664.121094	-41.422603947606
--	--	662.910156	-37.9229383410498
--	--	661.699219	-25.7878376165046
--	--	660.488281	-32.2498882779262
--	--	659.277344	-40.788373295842
--	--	658.06543	-28.0721315635837
--	--	656.853516	-20.5539636552375
--	--	655.640625	-19.5675167379274
--	--	654.428711	17.0669008482845
--	--	653.21582	36.3124852512557
--	--	652.001953	47.3815732322315
--	--	650.789063	42.8243322344548
--	--	649.575195	51.6367406497362
--	--	648.361328	38.0430616318609
--	--	647.146484	25.8539383363911
--	--	645.931641	22.3418044209613
--	--	644.716797	36.5423365622808
--	--	643.501953	29.224597608246
--	--	642.286133	24.8664203739638
--	--	641.070313	19.133668274889
--	--	639.854492	14.0864299085346
--	--	638.638672	4.36360832773391
--	--	637.421875	7.29679145003523
--	--	636.205078	6.60163473678933
--	--	634.987305	12.1513412685513
--	--	633.769531	0.90279953390102
--	--	632.551758	-8.60631205599563
--	--	631.333984	-25.2093431925363
--	--	630.115234	-37.8191808668983
--	--	628.896484	-27.5995345483854
--	--	627.677734	-34.1383931223907
--	--	626.458984	-37.3885674869104
--	--	625.239258	-29.5759745361766
--	--	624.019531	-17.0043090428384
--	--	622.798828	-27.1211239309693
--	--	621.579102	-17.7401517345409
--	--	620.358398	-11.8569582619479
--	--	619.136719	-33.1205557684283
--	--	617.916016	-27.4265999093537
--	--	616.694336	-39.3246780892053
--	--	615.47168	-58.9761500054547
--	--	614.25	-70.1744043177483
--	--	613.027344	-52.5665256251054
--	--	611.804688	-72.3882599055642
--	--	610.582031	-74.2660779179575
--	--	609.358398	-66.6581526178999
--	--	608.134766	-62.5048028625755
--	--	606.910156	-63.5306845645191
--	--	605.686523	-66.4384917505938
--	--	604.461914	-50.0728759614027
--	--	603.237305	-50.7400440040077
--	--	602.011719	-53.4756531124199
--	--	600.786133	-66.1909580918852
--	--	599.560547	-67.5444803952469
--	--	598.334961	-81.6367117404861
--	--	597.108398	-72.3368501347222
--	--	595.881836	-61.6673329804269
--	--	594.655273	-45.5005889742601
--	--	593.427734	-42.0433925878767
--	--	592.200195	-39.7948233677567
--	--	590.972656	-52.4831620328236
--	--	589.744141	-47.3292508130499
--	--	588.516602	-58.4741477247832
--	--	587.287109	-56.9113081460097
--	--	586.058594	-41.9809921760242
--	--	584.829102	-29.7850303650733
--	--	583.599609	-42.8078726014596
--	--	582.370117	-31.8252105335488
--	--	581.139648	-21.3593975870021
--	--	579.90918	-22.2187635369984
--	--	578.678711	-16.2150690475393
--	--	577.447266	3.99810427444183
--	--	576.21582	-4.32407520640955
--	--	574.984375	-2.07243565874813
--	--	573.75293	-8.75868296217894
--	--	572.520508	-10.6860371543794
--	--	571.288086	-20.5287655064256
--	--	570.055664	-4.80826249867622
--	--	568.822266	-11.8362929422492
--	--	567.588867	-20.0632408218713
--	--	566.355469	-26.2461238732218
--	--	565.121094	-31.2417581256644
--	--	563.886719	-35.9111366866985
--	--	562.652344	-32.379283103425
--	--	561.416992	-18.6143172304009
--	--	560.182617	-17.3133185197388
--	--	558.946289	-10.7383389478001
--	--	557.710938	-13.5576594771743
--	--	556.474609	-9.73161377888848
--	--	555.238281	-8.64739848326869
--	--	554.001953	-2.78770263200728
--	--	552.764648	2.88301564340801
--	--	551.527344	20.9783870948144
--	--	550.290039	26.1204704226628
--	--	549.051758	28.1850723169773
--	--	547.814453	40.8007766683874
--	--	546.575195	43.6973790645446
--	--	545.336914	31.946746701986
--	--	544.097656	25.304753944423
--	--	542.858398	21.8872572222692
--	--	541.619141	6.89964397340954
--	--	540.378906	-2.31228696914988
--	--	539.138672	-2.69084561583922
--	--	537.898438	8.47817593951331
--	--	536.657227	0.276009072959579
--	--	535.416016	9.28260671035382
--	--	534.174805	16.277921422526
--	--	532.932617	12.1036790457315
--	--	531.69043	2.36256859713009
--	--	530.448242	-0.194124827351087
--	--	529.206055	-16.6828247529665
--	--	527.962891	-22.1491012258508
--	--	526.719727	-32.3470229430299
--	--	525.476563	-50.3330856751437
--	--	524.232422	-60.0010980438781
--	--	522.988281	-61.1901643400729
--	--	521.744141	-81.8620749378967
--	--	520.499023	-84.3999472053479
--	--	519.253906	-77.7862007127974
--	--	518.008789	-64.9097704828081
--	--	516.762695	-68.6148771150733
--	--	515.516602	-53.5380957303582
--	--	514.270508	-45.4004914771144
--	--	513.024414	-51.1239574894217
--	--	511.777344	-47.5552337251309
--	--	510.530273	-23.3584516272397
--	--	509.282227	-5.09067403525737
--	--	508.035156	7.26711895101856
--	--	506.787109	33.3138620333291
--	--	505.538086	55.7946460732887
--	--	504.290039	48.9035901296445
--	--	503.041016	33.574824021992
--	--	501.791992	39.0053029674615
--	--	500.541992	38.0289602809577
--	--	499.291992	11.082292661221
--	--	498.041992	18.8885789331757
--	--	496.791016	11.7021257574901
--	--	495.541016	-0.718054049279206
--	--	494.290039	-7.69576573445564
--	--	493.038086	-21.1821858218491
--	--	491.786133	-40.5339623194061
--	--	490.53418	-46.8638814706518
--	--	489.282227	-56.5301951707301
--	--	488.029297	-64.1793041472798
--	--	486.776367	-51.4505357932396
--	--	485.523438	-64.1183789139871
--	--	484.269531	-65.1790019163129
--	--	483.015625	-64.563834831861
--	--	481.761719	-67.9814137702861
--	--	480.507813	-51.0721370383282
--	--	479.25293	-30.2807377067629
--	--	477.998047	-8.15840310111876
--	--	476.742188	-14.0768561240847
--	--	475.486328	-1.36456865106891
--	--	474.230469	-16.0212004213173
--	--	472.974609	-5.33024035977267
--	--	471.717773	-11.4188379798457
--	--	470.460938	12.3540268672353
--	--	469.204102	12.5749569519196
--	--	467.946289	13.5796908481643
--	--	466.688477	-1.57487608162752
--	--	465.430664	-12.4267790398572
--	--	464.171875	-14.8068290851141
--	--	462.913086	-10.9868235010498
--	--	461.654297	-7.66291088210789
--	--	460.394531	6.37198966149006
--	--	459.135742	25.7583995328929
--	--	457.875	16.5211110737768
--	--	456.615234	8.12071647315818
--	--	455.354492	10.5941313194357
--	--	454.09375	-3.48533888913228
--	--	452.833008	-18.0668723937903
--	--	451.571289	-16.5988590154648
--	--	450.30957	-16.6363558781842
--	--	449.046875	-23.3575357091248
--	--	447.785156	-42.5836105808644
--	--	446.522461	-33.7758586740382
--	--	445.258789	-31.1501448905402
--	--	443.996094	-29.0263573356864
--	--	442.732422	-25.013525450004
--	--	441.467773	1.84766458978749
--	--	440.204102	-10.0153919809987
--	--	438.939453	-14.7268591294438
--	--	437.674805	-16.7875140216234
--	--	436.40918	-25.5781290311125
--	--	435.143555	-31.7050727187891
--	--	433.87793	-16.6828557021134
--	--	432.612305	-10.1613809431892
--	--	431.345703	1.17864321446417
--	--	430.079102	13.5210370456905
--	--	428.811523	30.0115243307682
--	--	427.544922	22.872379061793
--	--	426.277344	13.2418241425254
--	--	425.008789	1.27706050507654
--	--	423.740234	-7.02448867125236
--	--	422.47168	-22.3108703168827
--	--	421.203125	-21.1433593957745
--	--	419.933594	-11.0082529434215
--	--	418.664063	0.776820196558401
--	--	417.394531	9.5732966514194
--	--	416.125	22.677910489157
--	--	414.854492	38.7558934882217
--	--	413.583008	63.9412027500472
--	--	412.3125	80.9881098633976
--	--	411.041016	92.0694355641648
--	--	409.769531	110.430616759191
--	--	408.49707	122.811282018117
--	--	407.224609	136.495133602412
--	--	405.952148	153.818084683989
--	--	404.679688	184.55639180854
--	--	403.40625	224.868082849474
--	--	402.132813	273.767740712973
--	--	400.858398	313.3722512005
--	--	399.584961	368.50648147081
--	--	398.310547	425.771741802495
--	--	397.035156	484.647565521984
--	--	395.759766	537.544336004549
--	--	394.484375	620.48448158753
--	--	393.208984	704.20705940804
--	--	391.932617	795.827978411898
--	--	390.65625	892.678102895204
--	--	389.379883	998.572432338219
--	--	388.102539	1108.68476930593
--	--	386.825195	1210.82788269854
--	--	385.547852	1320.02067227163
--	--	384.269531	1451.57209294503
--	--	382.992188	1591.972538986
--	--	381.712891	1717.78529746024
--	--	380.43457	1852.9437655632
--	--	379.155273	1982.77205953577
--	--	377.875977	2060.30394495989
--	--	376.595703	2131.36534039155
--	--	375.31543	2183.44828038835
--	--	374.035156	2196.49426123937
--	--	372.754883	2210.01181866064
--	--	371.473633	2185.20464804956
--	--	370.192383	2121.90483331749
--	--	368.910156	2040.03446736185
--	--	367.62793	1937.17014828171
--	--	366.345703	1798.00003117045
--	--	365.063477	1661.86796526643
--	--	363.780273	1516.59711444837
--	--	362.49707	1351.01618702182
--	--	361.212891	1198.98343396155
--	--	359.929688	1051.77205518095
--	--	358.645508	916.288849081062
--	--	357.360352	803.510230820711
--	--	356.076172	700.963209124395
--	--	354.791016	608.472884634352
--	--	353.504883	525.203341563707
--	--	352.21875	459.843659394683
--	--	350.932617	388.610377135039
--	--	349.646484	330.031125844892
--	--	348.359375	289.005500097672
--	--	347.072266	256.019489712596
--	--	345.785156	219.28406018103
--	--	344.498047	177.009753190558
--	--	343.209961	138.845175535962
--	--	341.920898	94.7997826617051
--	--	340.632813	42.4243262028021
--	--	339.34375	7.56324028938961
--	--	338.053711	-0.303320780539209
--	--	336.764648	-2.93557800072707
--	--	335.474609	-16.9962938842079
--	--	334.18457	-7.97253802219121
--	--	332.893555	-13.3542816244272
--	--	331.602539	-24.8091358235033
--	--	330.311523	-37.2655063955855
--	--	329.019531	-30.1461006916351
--	--	327.727539	-55.5726748657718
--	--	326.435547	-57.8245508174394
--	--	325.143555	-51.5964864202404
--	--	323.850586	-48.2966288865967
--	--	322.557617	-51.0240629656924
--	--	321.263672	-35.9682302518541
--	--	319.969727	-21.7449478657754
--	--	318.675781	-20.2309949020854
--	--	317.381836	-18.1962838920836
--	--	316.086914	1.40873650558633
--	--	314.791992	7.49664887149844
--	--	313.496094	7.69891763276231
--	--	312.200195	12.7697331691978
--	--	310.904297	30.8097250203207
--	--	309.608398	33.0573340296061
--	--	308.311523	46.5265137771687
--	--	307.014648	64.3614044435846
--	--	305.716797	102.646146504326
--	--	304.418945	134.734706707145
--	--	303.121094	166.486113681409
--	--	301.823242	215.267419498293
--	--	300.524414	257.362086584574
--	--	299.225586	287.085815110703
--	--	297.925781	316.790535560244
--	--	296.626953	358.644128323031
--	--	295.326172	378.25753581795
--	--	294.026367	389.588929101006
--	--	292.725586	401.546668677884
--	--	291.424805	410.253070020025
--	--	290.124023	406.470084940545
--	--	288.822266	403.986170964808
--	--	287.520508	400.852814318111
--	--	286.217773	377.150786622677
--	--	284.916016	362.022698863225
--	--	283.612305	327.326708587732
--	--	282.30957	287.630032031021
--	--	281.005859	251.334508740038
--	--	279.702148	218.933523633643
--	--	278.398438	179.738178397004
--	--	277.09375	151.879390409998
--	--	275.789063	146.158929630001
--	--	274.483398	114.278557985811
--	--	273.178711	80.6330687961668
--	--	271.87207	41.6626377627354
--	--	270.566406	18.8413006208647
--	--	269.259766	-9.31633139426213
--	--	267.953125	-17.1248427114912
--	--	266.646484	-15.4176384737127
--	--	265.338867	-3.72124281479376
--	--	264.03125	-2.51386919368997
--	--	262.722656	-3.89724905577634
--	--	261.414063	0.195943695276242
--	--	260.105469	-5.52591756145533
--	--	258.796875	-17.8320306120593
--	--	257.487305	-17.3979930947124
--	--	256.177734	-21.1383007266285
--	--	254.868164	-29.0501775679226
--	--	253.557617	-28.4392063877447
--	--	252.24707	-10.0099022196882
--	--	250.935547	-13.6376379447408
--	--	249.624023	-16.8011363520695
--	--	248.3125	-17.8960224428785
--	--	247.000977	-10.8215497859555
--	--	245.688477	-4.4382863904894
--	--	244.375977	5.1460638212888
--	--	243.0625	2.34783381269396
--	--	241.749023	28.7298366106138
--	--	240.435547	31.8130896954893
--	--	239.12207	26.1951160352505
--	--	237.807617	19.4448000578741
--	--	236.493164	49.4189322668467
--	--	235.177734	51.5849379242077
--	--	233.862305	50.6797952216143
--	--	232.546875	54.5240245208267
--	--	231.230469	67.4686712301245
--	--	229.914063	55.1809658010995
--	--	228.597656	51.5172366212811
--	--	227.28125	62.578421045967
--	--	225.963867	74.239220736065
--	--	224.646484	75.8058776865462
--	--	223.328125	78.4725657156541
--	--	222.009766	65.7641203018736
--	--	220.691406	52.5623221035383
--	--	219.37207	33.4192247422787
--	--	218.052734	16.6718617253225
--	--	216.733398	-1.84770263206386
--	--	215.413086	13.4688195322974
--	--	214.092773	7.44583556301901
--	--	212.772461	-2.37812217767092
--	--	211.451172	-0.504657105048793
--	--	210.129883	-15.9803828079691
--	--	208.808594	-49.4731289198071
--	--	207.486328	-53.4762594833407
--	--	206.164063	-75.6846354035377
--	--	204.841797	-79.2876652723949
--	--	203.518555	-76.5246426313927
--	--	202.195313	-69.0335826512289
--	--	200.87207	-89.7616925778454
--	--	199.547852	-75.9704560230853
--	--	198.223633	-84.3523717994719
--	--	196.898438	-68.416457346327
--	--	195.574219	-66.8501535666609
--	--	194.249023	-24.7524127126747
--	--	192.922852	-16.5603877340029
--	--	191.59668	-9.69127760609993
--	--	190.270508	-24.0299824176917
--	--	188.944336	-30.8033831266306
--	--	187.617188	-45.4574194912387
--	--	186.290039	-48.7612166851225
--	--	184.961914	-40.1212325208852
--	--	183.633789	-26.5402981534063
--	--	182.305664	-22.3185407777363
--	--	180.976563	-45.2013267323683
--	--	179.647461	-53.6256338698062
--	--	178.318359	-53.1273049106157
--	--	176.989258	-44.3049394587533
--	--	175.65918	-39.3490366783182
--	--	174.328125	-7.21220704178586
--	--	172.998047	23.6974633700047
--	--	171.666992	32.3508991791432
--	--	170.334961	19.4104986634096
--	--	169.003906	30.4340114098269
--	--	167.671875	4.03448648799117
--	--	166.338867	-11.8436806802322
--	--	165.005859	-19.5714636755989
--	--	163.672852	-16.8444627217854
--	--	162.339844	-42.7684858658521
--	--	161.005859	-34.2397169187057
--	--	159.671875	-47.7276927166911
--	--	158.337891	-46.7428878794272
--	--	157.00293	-42.144996102607
--	--	155.667969	-37.9940087715967
--	--	154.332031	-23.5668239606141
--	--	152.996094	-16.3590368542306
--	--	151.660156	-31.9912137847234
--	--	150.323242	-37.4142402856133
--	--	148.986328	-40.8510803597481
--	--	147.649414	-54.4973053791695
--	--	146.311523	-42.7706418354363
--	--	144.973633	-49.2518167215066
--	--	143.635742	-68.1210778545695
--	--	142.296875	-90.9863482690331
--	--	140.958008	-123.400407204861
--	--	139.619141	-165.955650432117
--	--	138.279297	-194.589194263982
--	--	136.939453	-207.154641526063
--	--	135.599609	-214.183489850752
--	--	134.258789	-202.962337975873
--	--	132.917969	-208.551779504534
--	--	131.576172	-165.89132932096
--	--	130.234375	-117.468924012737
--	--	128.892578	-68.8773184125315
--	--	127.550781	-40.5670814317401
--	--	126.208008	-18.3453735347161
--	--	124.864258	-14.706294620324
--	--	123.521484	-31.470099845098
--	--	122.177734	-9.21037609981209
--	--	120.833008	16.3343240265463
--	--	119.489258	54.7008593031438
--	--	118.144531	52.9654550535236
--	--	116.798828	48.8306679031364
--	--	115.454102	-49.8119093371467
--	--	114.107422	-157.961646941422
--	--	112.761719	-295.143878072098
--	--	111.415039	-426.742343477392
--	--	110.068359	-518.036143726515
--	--	108.720703	-503.12084300401
--	--	107.373047	-446.23461866506
--	--	106.025391	-340.794926717192
--	--	104.677734	-198.100564736728
--	--	103.329102	19.4614450028924
--	--	101.979492	321.943482795936
--	--	100.630859	624.477465692216
--	--	99.280273	803.21548540781
--	--	97.930664	795.230265665832
--	--	96.580078	636.822915606962
--	--	95.229492	369.93359047693
--	--	93.878906	20.5451894607042
--	--	92.527344	-195.797241245408
--	--	91.175781	-209.231797891435
--	--	89.823242	-175.956714474565
--	--	88.470703	-174.726908727105
--	--	87.118164	-123.226624840156
--	--	85.764648	-99.557809184672
--	--	84.411133	-113.333199801401
--	--	83.057617	-128.124564204732
--	--	81.703125	-125.771046869511
--	--	80.348633	-119.047951098241
--	--	78.994141	-107.957549125202
--	--	77.638672	-96.5482607670944
--	--	76.283203	-87.1531188311728
--	--	74.926758	-76.3548217191334
--	--	73.570313	-65.0838852109654
--	--	72.213867	-54.2723191365099
--	--	70.856445	-41.4369598238941
--	--	69.499023	-26.1096387150279
--	--	68.141602	-12.1774779403126
--	--	66.783203	0.982078450436937
--	--	65.424805	16.3195544447853
--	--	64.066406	31.9709689694539
--	--	62.707031	49.3320614951
--	--	61.347656	64.8362149743465
--	--	59.987305	83.0306609791611
--	--	58.626953	96.7863212623905
