701.103516	-64.4782759036225	2205.025391	82.583688903831
699.90332	69.3034662620266	2204.133789	322.945846563059
698.702148	-40.9991388480376	2203.243164	-61.7285056469491
697.501953	-32.0152863757267	2202.351563	202.987177621422
696.300781	26.2159530466415	2201.459961	-118.620390719351
695.099609	152.859048151868	2200.567383	94.5243814182541
693.897461	-169.824579357823	2199.675781	161.80890307748
692.695313	4.77246612951603	2198.783203	-19.585387784914
691.493164	-11.1491617609245	2197.890625	73.3953213526902
690.291016	60.0130736372758	2196.998047	80.6314014902955
689.088867	-51.4075381504754	2196.105469	-32.1022443720995
687.885742	61.3737626386246	2195.212891	120.785691765505
686.682617	-23.8801243309481	2194.319336	33.7677547723442
685.478516	-154.818890199311	2193.425781	80.9465957791836
684.275391	-30.9391740032625	2192.532227	128.102985395167
683.071289	-65.7487998791639	2191.638672	138.142177402006
681.867188	24.2584033058683	2190.745117	108.232639408845
680.662109	-23.8585799158172	2189.851563	-18.6505219751716
679.458008	-110.859118567829	2188.957031	-42.8311670990988
678.25293	-21.2343425970666	2188.0625	-55.601158613882
677.046875	20.3338770115279	2187.167969	105.525334871336
675.841797	-66.3820498864461	2186.273438	15.769016356554
674.635742	-149.918271786977	2185.378906	42.878898232626
673.429688	-153.845183811665	2184.483398	58.5479118833928
672.223633	-107.504347148151	2183.588867	-20.4165000501025
671.016602	27.3888560398864	2182.693359	97.1460963071559
669.80957	-118.65373438928	2181.797852	-52.9983289970896
668.602539	-133.218931898391	2180.902344	147.076474360167
667.395508	-163.926838324958	2180.005859	51.0425440081763
666.1875	-189.377369359851	2179.110352	46.116380703932
664.979492	-112.130645525298	2178.213867	126.534110351941
663.771484	-69.1360768406903	2177.317383	175.625679338448
662.563477	-290.069602288579	2176.420898	93.8656739864564
661.354492	71.4935513006422	2175.523438	137.239632602214
660.145508	-85.5047067961223	2174.626953	177.759413250224
658.936523	-94.227025474278	2173.729492	229.619689527483
657.726563	184.349146332672	2172.833008	76.8494415139894
656.516602	73.4508270088372	2171.935547	86.0808107912481
655.306641	117.032414645873	2171.037109	154.95100635926
654.09668	218.071718573121	2170.139648	81.7888216365182
652.885742	262.753321078615	2169.241211	-175.938629456972
651.674805	348.016243396884	2168.34375	117.232193820287
650.463867	469.620455408247	2167.445313	-97.8311952732047
649.25293	661.22057200089	2166.546875	22.0726912948066
648.041016	672.2940877413	2165.647461	62.4664874920682
646.829102	492.463587740089	2164.749023	139.730725060079
645.617188	696.159017417154	2163.849609	6.67462544932005
644.404297	847.734315606487	2162.951172	64.9482916847328
643.191406	928.320391797404	2162.051758	276.28331483635
641.978516	1104.04447278948	2161.152344	300.438162987965
640.765625	1055.36086034471	2160.251953	205.527903055785
639.551758	994.632242195596	2159.352539	113.497204207401
638.338867	1186.62668619971	2158.452148	63.9770812752213
637.124023	1397.95843479515	2157.551758	110.776310006386
635.910156	1296.87508090559	2156.651367	-46.3507469257947
634.695313	1284.55221382192	2155.750977	71.2253368053707
633.480469	1608.64526630216	2154.849609	-74.536163210606
632.265625	1301.45723080654	2153.949219	170.352420520559
631.050781	1341.1524053093	2153.047852	-29.1488098320724
629.834961	1700.21231339297	2152.146484	110.927092151951
628.619141	1552.1226132764	2151.245117	64.2510557993201
627.402344	1348.00729618066	2150.34375	-10.6935345533111
626.186523	1555.425156003	2149.441406	-20.5967869897395
624.969727	1413.25920186519	2148.540039	-10.6971383423706
623.75293	1477.04404355876	2147.637695	-46.0461917787998
622.535156	1384.19547885039	2146.735352	-168.990444551881
621.318359	1388.28246508351	2145.833008	92.3563020116908
620.100586	1371.94049317089	2144.929688	209.514911154812
618.882813	1379.16241009174	2144.027344	-207.148596281616
617.664063	1351.30906812812	2143.124023	-67.3991828018407
616.445313	1347.00917825653	2142.220703	66.6432143412803
615.226563	1035.67506038187	2141.317383	-98.5692705155989
614.007813	1465.48075240903	2140.414063	112.990607728838
612.788086	1341.40402176754	2139.509766	-33.1513281131802
611.569336	1307.81459594722	2138.605469	46.4332980448025
610.348633	1212.01478290308	2137.702148	-17.8418851451352
609.128906	1277.70266785252	2136.797852	-189.273840420904
607.908203	963.571996086941	2135.892578	53.7745795187493
606.6875	998.950226017292	2134.988281	-157.081711323268
605.466797	1126.71255345097	2134.083984	111.233871834714
604.246094	964.670698195352	2133.178711	66.6573113406157
603.024414	901.307647090729	2132.273438	-34.2512791534828
601.802734	917.781253837244	2131.368164	67.665304786171
600.580078	872.129993880253	2130.462891	-81.0914307079274
599.358398	993.899954381144	2129.556641	161.534084579645
598.135742	842.853831260214	2128.651367	-51.9404444807015
596.913086	667.335358979544	2127.745117	24.5219848068709
595.689453	575.767381659047	2126.838867	44.6709370944436
594.466797	697.342260338295	2125.932617	-28.0331376179829
593.243164	638.027948782628	2125.025391	155.222695017509
592.018555	541.706647240164	2124.119141	88.1348313050821
590.794922	481.320332147891	2123.211914	94.1489453743252
589.570313	275.643957336544	2122.304688	-40.4003979901818
588.345703	178.799765824657	2121.397461	-34.377982920937
587.121094	190.714694175604	2120.490234	72.7943331483066
585.895508	88.615389704235	2119.582031	-64.3548966893604
584.669922	247.124914701175	2118.674805	45.8249285442471
583.444336	214.634058042859	2117.766602	-63.1151690880652
582.217773	126.454553082156	2116.858398	131.221569988045
580.992188	3.42179728328119	2115.950195	-179.828878644266
579.765625	117.896754789812	2115.041016	109.849403149081
578.538086	8.29082877723886	2114.132813	247.894168516768
577.311523	154.784880871053	2113.223633	68.825849018539
576.083984	114.6756363474	2112.314453	41.2931735203074
574.856445	35.5607443925837	2111.405273	-81.5895999779241
573.628906	-34.7705833616929	2110.496094	-19.3698151845756
572.400391	289.85267278215	2109.585938	51.2095407428533
571.171875	91.6725969795134	2108.676758	-7.15907275537757
569.943359	-41.651486392424	2107.766602	-59.9259088279496
568.713867	163.721414661755	2106.856445	-132.292374192099
567.485352	37.5241468708664	2105.946289	69.8821967353288
566.255859	11.3607673391634	2105.036133	59.1197546627582
565.025391	-70.3486321833425	2104.125	-94.4720812757323
563.795898	124.11406509293	2103.213867	9.55131678577709
562.56543	184.193789696172	2102.302734	68.7417068472878
561.334961	-22.6416170723587	2101.391602	161.606869262931
560.103516	-81.8789186763206	2100.480469	220.004209522138
558.873047	147.220773164187	2099.569336	-116.058900218658
557.641602	198.546429605913	2098.657227	121.348821259257
556.40918	188.15090756877	2097.745117	168.510925861368
555.177734	198.860981513682	2096.833008	156.938666339283
553.945313	247.221842401672	2095.920898	58.7160059413964
552.712891	144.927546627783	2095.008789	228.81464541931
551.479492	276.822652743105	2094.095703	247.949533240133
550.24707	512.452093525599	2093.182617	359.261180060954
549.013672	359.668266047998	2092.270508	431.43208453887
547.780273	538.084853359718	2091.356445	447.699902702596
546.545898	611.415793140534	2090.443359	438.840650523418
545.3125	736.748471983163	2089.530273	270.871046344239
544.078125	829.364492069346	2088.616211	518.788289383771
542.842773	953.306851399684	2087.702148	691.266067547496
541.608398	1176.67771692117	2086.788086	590.276083587029
540.373047	1049.38449425722	2085.874023	623.203080750756
539.137695	1302.28775321429	2084.959961	675.633018790288
537.901367	1530.69723018415	2084.044922	800.519127172726
536.665039	1680.9777746382	2083.130859	733.020343336451
535.429688	1713.98038045726	2082.21582	562.413288718888
534.192383	1679.29891101338	2081.300781	681.661702101325
532.956055	1799.61019094178	2080.384766	909.500086702472
531.71875	1817.17428014663	2079.469727	833.64889108491
530.481445	1822.72176754909	2078.553711	866.420858810252
529.243164	1667.92371898077	2077.637695	952.076615535594
528.005859	1950.22660901014	2076.72168	1160.18062513674
526.767578	1897.07724518634	2075.805664	917.317827862086
525.529297	2023.4277684703	2074.889648	1089.16303758743
524.290039	1709.55383722905	2073.972656	1196.93806253148
523.050781	1610.19609619044	2073.055664	1107.17402447553
521.811523	1620.27356262209	2072.138672	1315.01057241959
520.572266	1585.42300980229	2071.22168	1355.93305836364
519.332031	1425.4748642284	2070.304688	1399.61433330769
518.092773	1539.39377702156	2069.387695	1565.56805837594
516.851563	1386.36294109337	2068.469727	1456.3344215387
515.611328	1297.42587955651	2067.551758	1566.62616482566
514.370117	1223.24843529983	2066.633789	1679.64837611262
513.128906	1077.51742195577	2065.71582	1667.64617339958
511.887695	1131.40379425029	2064.796875	1502.91753590525
510.645508	953.545317546852	2063.878906	1585.3342791922
509.404297	1096.3426502272	2062.959961	1689.90837569787
508.161133	1015.67942400528	2062.041016	1561.33403520354
506.918945	668.56077853104	2061.12207	1665.86319983341
505.675781	703.533866204118	2060.203125	1592.81424933908
504.432617	718.280858557391	2059.283203	1561.37967418765
503.189453	558.999064732494	2058.363281	1649.18630903622
501.946289	512.854543871064	2057.443359	1806.2614988848
500.702148	503.937101281037	2056.523438	1655.60330160918
499.458008	308.813689775898	2055.603516	1524.39919445775
498.212891	185.796245585252	2054.683594	1584.41872030633
496.96875	138.897992232143	2053.762695	1652.71082349781
495.723633	243.879625181102	2052.841797	1588.03028156509
494.477539	97.2515990644897	2051.920898	1852.88976775657
493.232422	233.461368826504	2051	1663.60278082386
491.986328	138.62152289703	2050.079102	1679.21618389114
490.740234	52.2799109885637	2049.157227	1573.04161830133
489.494141	107.410167922457	2048.236328	1810.00950249281
488.24707	72.8024667241698	2047.314453	1670.645483903
487	116.18270074686	2046.391602	1783.0091305319
485.75293	123.00402969531	2045.469727	1574.56405694209
484.505859	-62.0587059185418	2044.547852	1648.19808435228
483.257813	69.9910020733605	2043.625	1332.03926010538
482.009766	-177.776689541517	2042.702148	1521.74566985847
480.760742	-108.523844767928	2041.779297	1349.40716848737
479.512695	-47.2030499288012	2040.856445	1370.51006224047
478.263672	-24.3809499393337	2039.933594	1449.60320186937
477.014648	-99.2385054412826	2039.009766	1434.76091084117
475.764648	-188.00209619988	2038.085938	1372.98307381298
474.515625	-0.949360012225952	2037.162109	1407.83901390898
473.265625	63.9966490608094	2036.238281	1312.96351988079
472.014648	72.1941564266308	2035.314453	1383.67982285259
470.764648	-88.4964224642336	2034.389648	1440.55835116731
469.513672	-122.308971012684	2033.46582	1122.30395113911
468.262695	-84.3821498350026	2032.541016	1292.26745132962
467.010742	29.2525361636672	2031.616211	1233.31785564434
465.759766	-34.2243499296765	2030.69043	1182.64670717776
464.507813	6.32925363090181	2029.765625	1007.97836049247
463.254883	242.379153585773	2028.839844	1078.60408702589
462.00293	-69.4650808778097	2027.915039	892.996287340604
460.75	-0.721846477075815	2026.989258	1128.87396787403
459.49707	75.8221047559291	2026.0625	899.236138750354
458.243164	97.0065013336062	2025.136719	931.263232283775
456.990234	137.986345789384	2024.209961	982.532630160104
455.736328	-212.114839384594	2023.28418	1053.05288769352
454.481445	-152.042432153254	2022.357422	950.17287156985
453.227539	159.333362604672	2021.430664	962.877815446178
451.972656	179.296625025116	2020.50293	884.790895541215
450.717773	273.798292955476	2019.576172	839.742910417543
449.461914	-65.0073242134295	2018.648438	962.420638512578
448.207031	52.7360331702548	2017.720703	823.888394731814
446.951172	190.24246561393	2016.792969	952.008505826851
445.695313	225.715029391387	2015.865234	953.668645046086
444.438477	205.962911232851	2014.9375	675.089537141123
443.181641	114.813099611487	2014.008789	852.582811579065
441.924805	-31.4173932881568	2013.080078	1082.18155501701
440.667969	168.948793718477	2012.151367	839.41213445495
439.410156	137.807867509688	2011.222656	1024.99036989289
438.152344	-71.9474219930853	2010.293945	796.042238330838
436.894531	12.1143225114356	2009.364258	1044.65282698749
435.635742	-53.9420687337133	2008.43457	1021.54172576834
434.376953	303.369831247886	2007.504883	1056.04098742499
433.118164	68.9586504270319	2006.575195	1197.48066720584
431.859375	95.7873905636425	2005.645508	1007.07758486249
430.599609	177.169912499196	2004.714844	964.774227862054
429.339844	128.841066144363	2003.785156	952.643595642903
428.080078	282.77552397541	2002.854492	1006.27090264246
426.819336	46.0084318699101	2001.923828	884.523210642019
425.55957	37.762406540598	2000.993164	828.562627641581
424.297852	144.661986005669	2000.061523	1035.52989498405
423.037109	257.392239358987	1999.130859	905.620092983607
421.775391	113.166264191821	1998.199219	1098.79245020187
420.513672	364.941404738855	1997.267578	990.798780544337
419.251953	436.56529102381	1996.335938	986.834417762602
417.990234	297.841622628244	1995.40332	873.414107447976
416.727539	360.942936399841	1994.47168	847.580604666244
415.464844	417.724610878102	1993.539063	977.636866227418
414.201172	306.684958846934	1992.606445	757.627687912791
412.9375	336.726553449264	1991.673828	830.228872473965
411.673828	182.858126793277	1990.741211	943.797830035141
410.410156	262.81204398716	1989.807617	956.191122939221
409.146484	342.446645139091	1988.874023	872.945743843302
407.881836	514.526680008858	1987.941406	787.007865404476
406.617188	395.898126420951	1987.007813	837.648240184357
405.351563	150.029326399421	1986.073242	912.830711431347
404.085938	369.469813617898	1985.139648	832.370489335428
402.820313	362.817139570427	1984.205078	787.412346458217
401.554688	361.866123751046	1983.270508	761.571392581007
400.289063	273.960414653793	1982.335938	866.704070703794
399.022461	354.870668143412	1981.401367	649.889471950784
397.755859	493.745348752309	1980.466797	733.174494073574
396.488281	553.691391145339	1979.53125	778.23404653927
395.220703	418.037504945029	1978.59668	643.342310662061
393.953125	436.935886890282	1977.661133	590.263191127757
392.685547	477.531894720003	1976.724609	749.763289936362
391.416992	441.280761054593	1975.789063	835.638282277858
390.149414	422.69408387645	1974.853516	698.088459743554
388.879883	510.206128248712	1973.916992	563.300472552157
387.611328	412.34420766278	1972.980469	654.583785236562
386.341797	430.586465362534	1972.043945	849.284080045165
385.072266	267.570804078745	1971.107422	630.149423729572
383.802734	517.807776727128	1970.169922	715.897696756883
382.532227	516.482400745779	1969.233398	608.426115565488
381.261719	223.601831725784	1968.295898	579.876536592799
379.991211	425.99983242356	1967.358398	632.930473620112
378.720703	278.679113668679	1966.419922	490.153483866132
377.449219	333.478316792453	1965.482422	586.696678893442
376.177734	227.26649683128	1964.543945	495.622802263661
374.905273	302.995657444048	1963.606445	366.542950290974
373.633789	388.137563696193	1962.667969	373.360686536995
372.361328	280.267896573725	1961.729492	431.787786907215
371.088867	247.989803386887	1960.790039	329.923999496141
369.81543	403.423366800164	1959.851563	483.37454774216
368.541992	205.68823682865	1958.912109	229.485358455288
367.268555	199.635687104583	1957.972656	146.709462044213
365.995117	261.01250123958	1957.033203	256.65719763314
364.720703	55.5266336590339	1956.09375	206.46137822207
363.446289	87.5876834737319	1955.15332	262.075246153901
362.171875	84.9580351542791	1954.212891	228.152014961539
360.896484	161.65071438228	1953.273438	83.0626415504648
359.621094	-6.33531180974205	1952.332031	219.983266825208
358.345703	142.922469632835	1951.391602	243.002418632843
357.070313	81.5350623352515	1950.451172	382.548903564679
355.793945	43.4273484619789	1949.509766	324.215633715219
354.517578	228.363083701634	1948.568359	89.8022739899625
353.241211	108.869967847379	1947.626953	150.720956140505
351.963867	-77.1826664443652	1946.685547	282.022452291049
350.686523	71.6180191441981	1945.744141	145.215548441591
349.40918	22.1650872937553	1944.801758	-48.3998320649589
348.131836	-45.7363063628036	1943.859375	109.903733428489
346.853516	51.5414499846229	1942.916992	143.665305921939
345.575195	76.5889577546441	1941.974609	36.7247304153916
344.296875	133.222294892772	1941.032227	97.5273287846394
343.017578	95.869366104198	1940.088867	-3.48766754536882
341.738281	28.4558530634913	1939.146484	186.662028050989
340.458984	-35.0516374236468	1938.203125	87.4694970502787
339.178711	-50.7613221246738	1937.258789	120.741373008241
337.898438	-120.224446545468	1936.31543	132.385757007531
336.618164	-113.893498218116	1935.37207	79.1814985625606
335.337891	107.537417929134	1934.427734	179.952398520523
334.056641	155.669883668776	1933.483398	-54.1985775215144
332.775391	42.5095085068679	1932.539063	-142.455014119294
331.494141	197.910043167267	1931.594727	174.254361838668
330.211914	62.6062616844647	1930.649414	172.341229755302
328.930664	185.701380271788	1929.705078	-4.96990228673531
327.647461	378.028431080238	1928.759766	182.002716074157
326.365234	271.719414207422	1927.814453	23.6276699907921
325.082031	310.133888346636	1926.869141	164.665718351685
323.798828	171.2037180351	1925.922852	240.923055671254
322.515625	303.988437710665	1924.977539	120.360508587888
321.231445	289.131379902872	1924.03125	56.4342529074547
319.947266	376.897316018925	1923.084961	116.488464227021
318.663086	398.400314625367	1922.138672	176.515333546588
317.378906	176.965412332374	1921.191406	-40.9435871751757
316.09375	246.51476334952	1920.245117	40.6282031443916
314.808594	412.366688404911	1919.297852	162.54526686689
313.522461	386.758178875256	1918.350586	79.8119321451286
312.237305	439.499698009262	1917.40332	-123.201607864534
310.951172	417.776577023204	1916.455078	-22.1357187633421
309.664063	297.791003982293	1915.507813	-17.9601140690684
308.37793	503.695970201916	1914.55957	-89.1237303113721
307.09082	488.312238984723	1913.611328	14.5476277898197
305.803711	235.896620428184	1912.663086	-51.2282801089896
304.515625	235.71458126186	1911.714844	-116.982704007798
303.228516	222.247969854658	1910.765625	67.2381175003084
301.94043	211.239054981574	1909.817383	49.8459986015005
300.651367	299.603634260257	1908.868164	113.044359109606
299.363281	291.366253379258	1907.918945	58.0190866177127
298.074219	144.936908932799	1906.96875	-15.8033881237679
296.785156	253.965151786559	1906.019531	1.70649538433827
295.495117	139.655885765702	1905.069336	86.306871642857
294.205078	-158.335032585159	1904.119141	-3.59861209862538
292.915039	144.735558176517	1903.168945	80.9578058163988
291.625	-83.893082506751	1902.21875	4.49275207491701
290.333984	7.54131352604418	1901.268555	-61.2164426665622
289.042969	75.1102448306319	1900.317383	28.6345689988721
287.751953	-25.288120973999	1899.366211	59.4533536643066
286.459961	224.127235784565	1898.415039	114.382490329743
285.167969	271.014792866759	1897.463867	13.8223689951756
283.875977	-28.0089884179597	1896.512695	149.301372954114
282.583984	-36.8696828527736	1895.560547	223.8748054152
281.291016	-9.71775984299348	1894.608398	105.541979364687
279.998047	-151.092549135732	1893.65625	-10.0691571742282
278.704102	-87.7326352528253	1892.704102	18.9574012868543
277.411133	-172.003104699466	1891.751953	82.7720352363413
276.117188	0.676636854515891	1890.798828	-46.1706601343594
274.822266	-235.285476375804	1889.84668	-78.7173436732737
273.52832	-128.477588372127	1888.893555	-33.672735043976
272.233398	37.7595010538298	1887.94043	-111.702344414676
270.938477	114.096605026158	1886.986328	-2.4980826171668
269.642578	48.3861000416018	1886.033203	-53.7708559878665
268.347656	12.453294725954	1885.079102	60.716618321243
267.051758	138.534633438425	1884.125	57.5468561187572
265.754883	39.4333729153113	1883.170898	-95.281108083731
264.458984	73.7457848866725	1882.216797	109.977850225379
263.162109	49.0937289005469	1881.261719	146.847632702706
261.865234	144.881346648936	1880.307617	10.106582500217
260.567383	219.92607050977	1879.352539	124.410935977543
259.269531	143.051380883178	1878.397461	11.7377504548676
257.97168	148.588143593368	1877.441406	171.355076100404
256.673828	34.6111940119954	1876.486328	66.7150935777299
255.375	211.987031604635	1875.530273	122.19277122327
254.076172	15.4526698410118	1874.574219	188.314013380406
252.777344	134.64503682844	1873.618164	121.050480025944
251.477539	69.2671152075673	1872.662109	32.4773766714861
250.177734	314.486076819527	1871.706055	117.226547828623
248.87793	-184.123251714553	1870.749023	100.639268642375
247.577148	33.4836543512483	1869.791992	110.704342967723
246.276367	-237.828305599032	1868.834961	51.4862142930761
244.975586	-65.6592028669784	1867.87793	77.5327336184273
243.674805	-168.17558381498	1866.920898	66.27650843218
242.373047	-194.073030473639	1865.962891	-142.038794562659
241.071289	-247.359286049168	1865.004883	75.6956979309089
239.769531	-316.52537682736	1864.046875	100.634533855766
238.466797	-241.343186474429	1863.088867	109.501619007418
237.164063	-215.884000548256	1862.130859	147.629445159071
235.861328	-275.611699539724	1861.171875	241.590572740035
234.558594	-133.11103987035	1860.212891	-119.294003679001
233.254883	154.591782506617	1859.253906	147.517699195436
231.951172	-184.021362898733	1858.294922	172.2854667764
230.646484	-75.6121956749885	1857.335938	-23.5825076426372
229.341797	-46.7663416335272	1856.375977	25.1064406611113
228.037109	-142.875333384436	1855.416016	166.76804496486
226.732422	243.358104481104	1854.456055	194.138634268609
225.426758	159.630329569816	1853.496094	27.6088325723595
224.12207	-53.9275103147957	1852.536133	-0.776438123893968
222.81543	-189.055486462417	1851.575195	71.719432902637
221.509766	-1.34960398853218	1850.615234	11.4747872063872
220.203125	-168.354827193642	1849.654297	73.3153949394473
218.896484	-215.400560075799	1848.693359	18.3806019659805
217.588867	-214.683206437087	1847.731445	183.634577421823
216.282227	-247.849716683817	1846.770508	123.385341154886
214.974609	-93.8236351745691	1845.808594	55.1910756107282
213.666016	-161.057992861341	1844.84668	-95.1692069334258
212.358398	-7.78800105566552	1843.884766	115.018362522416
211.049805	-104.957750085869	1842.922852	68.0526119782608
209.741211	-44.1825107515615	1841.959961	132.374252156891
208.431641	-31.1643045517922	1840.998047	21.8362366127349
207.12207	-119.393322377535	1840.035156	-48.9436852086383
205.8125	-130.688661497057	1839.072266	216.599645676517
204.50293	23.4292295141277	1838.108398	0.175473577934099
		1837.145508	3.64777034371946
		1836.181641	52.1873683052345
		1835.217773	74.2435577667984
		1834.253906	59.2509297283123
		1833.290039	7.2319336898272
		1832.325195	76.8579531974228
		1831.361328	283.939544158939
		1830.396484	-98.528186333464
		1829.431641	195.698429674083
		1828.466797	164.807847181681
		1827.500977	160.33182173531
		1826.535156	100.388012788988
		1825.570313	-133.809200203463
		1824.604492	-40.5518371497856
		1823.637695	28.8964489499231
		1822.671875	19.150892503556
		1821.705078	30.5015226032647
		1820.738281	73.5005907029754
		1819.771484	163.95180680269
		1818.804688	-267.756146597651
		1817.837891	-116.643797497938
		1816.870117	-155.392292852146
		1815.902344	-38.6427307064005
		1814.93457	-29.9742340606099
		1813.966797	152.552672085136
		1812.999023	137.467262730928
		1812.030273	-35.6244885772467
		1811.061523	51.9907911145801
		1810.092773	165.888297806407
		1809.124023	145.52017949823
		1808.155273	33.0631941900556
		1807.185547	118.248646624605
		1806.21582	78.5968623569752
		1805.246094	125.731225197531
		1804.276367	-118.985013070098
		1803.305664	112.142402080406
		1802.335938	88.266998920959
		1801.365234	245.678578963287
		1800.394531	190.236658113789
		1799.423828	153.195127264293
		1798.452148	184.423016724753
		1797.481445	-62.6448811247465
		1796.509766	-112.76854055611
		1795.538086	141.543332904348
		1794.566406	-197.232684635195
		1793.594727	269.468850933439
		1792.62207	17.3274877038493
		1791.649414	-9.20741641756104
		1790.676758	226.434437461028
		1789.704102	-7.21765466038596
		1788.731445	8.18102111002372
		1787.757813	23.5532454067434
		1786.78418	54.6315105952854
		1785.810547	284.741025783826
		1784.836914	-22.0527790276356
		1783.863281	168.697361160906
		1782.888672	249.416153767579
		1781.914063	133.821470374249
		1780.939453	-99.4744001272575
		1779.964844	41.3977134794168
		1778.990234	82.8215699779085
		1778.014648	71.9103678945321
		1777.039063	74.0685159193327
		1776.063477	-49.2440531640423
		1775.087891	78.365252752581
		1774.112305	52.8675602680451
		1773.135742	-82.2861759707848
		1772.15918	242.277873695808
		1771.182617	7.90245745697757
		1770.206055	55.5719761235723
		1769.229492	100.605739884741
		1768.251953	-144.068405043574
		1767.274414	36.6383100281091
		1766.296875	159.878228099793
		1765.319336	139.617169171477
		1764.341797	38.5250552431626
		1763.363281	143.410567719937
		1762.384766	-192.253710897867
		1761.40625	68.9853165789118
		1760.427734	-68.5246789443118
		1759.449219	114.424323437886
		1758.469727	-262.670533774826
		1757.490234	63.4347921070457
		1756.510742	-6.31143210566734
		1755.53125	-39.5947653183794
		1754.551758	-93.6896225310884
		1753.571289	263.306427661291
		1752.59082	128.508532853673
		1751.610352	-24.445599048524
		1750.629883	15.0729121438599
		1749.649414	-127.410529663759
		1748.667969	81.0377688391363
		1747.686523	91.8971864366122
		1746.705078	230.055445939503
		1745.723633	-120.203287557601
		1744.742188	-153.667758194775
		1743.759766	-29.5977314581178
		1742.777344	-102.883172721458
		1741.794922	8.14095601519694
		1740.8125	-226.022415248146
		1739.830078	-223.996333511488
		1738.84668	128.205846340215
		1737.863281	135.330869511705
		1736.879883	-212.785310636591
		1735.896484	-166.716927465099
		1734.912109	115.183802821441
		1733.928711	-22.8278843268581
		1732.944336	-44.2084030403203
		1731.959961	242.665960246217
		1730.975586	19.2258705327549
		1729.990234	-237.796917745873
		1729.004883	-153.002315344289
		1728.020508	-319.297874057751
		1727.035156	81.1744546636219
		1726.048828	-198.964227499961
		1725.063477	-90.9811490983793
		1724.077148	-114.949917942169
		1723.09082	171.366476894249
		1722.104492	155.101817730667
		1721.118164	182.778565567087
		1720.130859	-148.75824616166
		1719.144531	-46.1166553252442
		1718.157227	-31.3526773737794
		1717.169922	-47.5887071025263
		1716.181641	13.6287042837721
		1715.194336	-203.975490444975
		1714.206055	45.6530549413255
		1713.217773	145.509129647413
		1712.229492	5.38767403371276
		1711.241211	-126.944718579989
		1710.251953	8.97026724114585
		1709.263672	23.6505696274435
		1708.274414	-46.7567095514223
		1707.285156	130.285229269712
		1706.294922	-94.7418507941075
		1705.305664	-144.485067972975
		1704.31543	-86.037538036795
		1703.325195	-58.5216577808278
		1702.334961	-226.701080844647
		1701.34375	-18.9885944736325
		1700.353516	18.7802244625455
