701.103516	-168.444515288966	1287.466797	82.9537548053951
699.90332	-66.4560024657676	1286.394531	172.4000853125
698.702148	-6.371118929773	1285.322266	167.579222403731
697.501953	12.6173070102697	1284.25	170.029245438397
696.300781	29.376324537471	1283.177734	154.516966239261
695.099609	27.7045022691578	1282.104492	114.369117240989
693.897461	14.2924049534289	1281.03125	129.514766364389
692.695313	-2.43009750864694	1279.958008	104.963350778627
691.493164	0.780244510827833	1278.884766	107.511310366354
690.291016	-2.51822503034928	1277.811523	96.9227738210473
689.088867	-10.6871892604071	1276.737305	83.3420461427198
687.885742	-16.6322544779217	1275.663086	71.9180033124121
686.682617	2.05750395524119	1274.588867	58.0420516937466
685.478516	10.15838874248	1273.514648	34.6015787603172
684.275391	-17.7719287069744	1272.439453	20.8018993649821
683.071289	-6.301737518136	1271.365234	40.3832672867116
681.867188	-2.84253893732275	1270.290039	25.8379982316671
680.662109	-9.87373173935194	1269.213867	17.9028691743872
679.458008	22.1940956718336	1268.138672	17.9334462051748
678.25293	54.4819782429404	1267.063477	40.8526714823633
677.046875	59.0791674593849	1265.987305	35.6534100942556
675.841797	49.1830895123862	1264.911133	22.8214131604505
674.635742	27.8200197588434	1263.834961	22.5462227086769
673.429688	-24.8452882105725	1262.757813	20.0906098895214
672.223633	-44.8905095957547	1261.681641	3.70638040026706
671.016602	-50.4637289899489	1260.604492	-2.02745672842655
669.80957	-49.1215445465416	1259.527344	-3.1159308865665
668.602539	-45.8995276965274	1258.449219	-9.11220512346472
667.395508	-4.47041756676372	1257.37207	-9.11113341034713
666.1875	20.2637080275174	1256.293945	-9.93852322593688
664.979492	17.3447205039363	1255.21582	-35.8120007798437
663.771484	46.2993743052502	1254.137695	-40.7095692351292
662.563477	92.7860814095933	1253.05957	-32.5397857230443
661.354492	90.9632485393286	1251.980469	-45.0573635169148
660.145508	121.007374175455	1250.901367	-70.3711948063265
658.936523	158.050255322161	1249.822266	-45.0503536375921
657.726563	189.825257439397	1248.743164	-54.289998026678
656.516602	220.999791972976	1247.663086	-62.7239163789851
655.306641	326.593053072406	1246.583984	-53.4666313520049
654.09668	349.842609589299	1245.503906	-40.675285441403
652.885742	373.366282288254	1244.423828	-49.1035850228651
651.674805	418.186388305199	1243.342773	-21.9151226258481
650.463867	446.854674337484	1242.262695	-2.3513286617173
649.25293	432.816451495982	1241.181641	-0.988607202134946
648.041016	470.040145017642	1240.100586	7.16113690665161
646.829102	513.447974466147	1239.019531	41.3747233485765
645.617188	540.276111897316	1237.9375	40.2795686668011
644.404297	552.28013696729	1236.855469	30.4950699134108
643.191406	562.476737952572	1235.773438	29.6848568150487
641.978516	590.640635496767	1234.691406	29.1462934024767
640.765625	630.048765080711	1233.609375	9.40519864355602
639.551758	649.999488573505	1232.526367	5.22224576367009
638.338867	656.446812612234	1231.444336	4.10131143096038
637.124023	692.190043436491	1230.361328	-1.81307020009194
635.910156	713.557770008669	1229.277344	-4.68796233314358
634.695313	718.887430362728	1228.194336	-2.15299302331437
633.480469	708.616247665234	1227.110352	15.0110876089865
632.265625	778.880826819908	1226.026367	22.9607783448852
631.050781	792.822720954946	1224.942383	40.3960378645257
629.834961	789.934391930656	1223.858398	31.0100732135784
628.619141	776.10784731339	1222.773438	35.1455999196034
627.402344	789.917776901554	1221.688477	15.4520951815017
626.186523	781.853447521382	1220.603516	16.3315983013944
624.969727	774.615533265301	1219.518555	7.74407171336864
623.75293	754.8076695732	1218.433594	21.0770130059583
622.535156	744.217976174121	1217.347656	-7.8034941435239
621.318359	758.719748695015	1216.261719	-0.441816791675726
620.100586	721.69786655264	1215.175781	3.38970164314743
618.882813	672.979752126522	1214.088867	-12.7664652702337
617.664063	677.866895566741	1213.00293	-18.1224954713828
616.445313	680.261336516755	1211.916016	3.82026076227974
615.226563	657.105608746685	1210.829102	-2.35519770875105
614.007813	596.795568219671	1209.742188	-11.2417594922432
612.788086	604.698917536743	1208.654297	-0.118226381577648
611.569336	572.477649049362	1207.566406	-10.6110139017616
610.348633	559.534116042799	1206.478516	-13.8286881801216
609.128906	536.169797961474	1205.390625	-10.2982376310771
607.908203	554.287036191665	1204.302734	-15.9483681367147
606.6875	522.295159123064	1203.213867	5.38199577199762
605.466797	499.152395694608	1202.125	26.4389097204419
604.246094	474.400648981286	1201.036133	16.1994120198751
603.024414	421.751170562245	1199.947266	-5.90139195617583
601.802734	382.572550343811	1198.857422	-15.8708380679884
600.580078	370.190140502334	1197.767578	-42.8279706267204
599.358398	336.216726395171	1196.677734	-54.425573012405
598.135742	324.434740298307	1195.587891	-44.734574641696
596.913086	311.942367840611	1194.498047	-29.1144465814199
595.689453	307.074075065077	1193.407227	-16.7394357360931
594.466797	274.37540810385	1192.316406	-23.4757671236189
593.243164	273.492609262608	1191.225586	-36.683559146496
592.018555	204.805584805367	1190.133789	-25.0500076771147
590.794922	192.499359135919	1189.042969	-20.3215067515249
589.570313	162.433515246054	1187.951172	-20.8911415985175
588.345703	151.670214076784	1186.859375	8.49384646303126
587.121094	116.493977453767	1185.767578	30.1602133140512
585.895508	130.61395280275	1184.674805	21.4116984953154
584.669922	131.949415280777	1183.582031	19.6639611902369
583.444336	115.173802428183	1182.489258	22.4851253474377
582.217773	108.537016972813	1181.396484	-7.46754276802242
580.992188	128.284807924582	1180.302734	-6.26164907842186
579.765625	107.464957497413	1179.209961	1.38688868674658
578.538086	78.081893754963	1178.116211	-6.52766105798924
577.311523	90.4844461710473	1177.022461	-10.955709158154
576.083984	103.057779929811	1175.927734	3.9625809576922
574.856445	118.314752109957	1174.833984	-8.51133037869817
573.628906	160.37774036596	1173.739258	-37.8850370422192
572.400391	167.347266212395	1172.644531	-29.4246056169127
571.171875	195.283460491016	1171.548828	-43.2226720684436
569.943359	210.554580871182	1170.454102	-25.1160797068628
568.713867	228.532318303112	1169.358398	-17.1955258367644
567.485352	208.592762280274	1168.262695	9.75502651516452
566.255859	243.235711707436	1167.166016	1.05886003878935
565.025391	290.947929810441	1166.070313	9.78739984437488
563.795898	278.802511518067	1164.973633	-3.19842246221908
562.56543	280.99413684994	1163.876953	-2.25174063869044
561.334961	348.533901109088	1162.780273	-12.0191435479296
560.103516	393.927518574112	1161.683594	-4.64006118148414
558.873047	421.747828706359	1160.585938	-12.7803526645812
557.641602	494.612336767809	1159.488281	-13.1653261562343
556.40918	568.55006503889	1158.390625	-6.33428454193625
555.177734	629.91256997899	1157.291992	-4.04758376427889
553.945313	704.373910551656	1156.194336	10.5358966090844
552.712891	735.681109834154	1155.095703	35.0187234263212
551.479492	858.276703509545	1153.99707	42.1183275688631
550.24707	1005.52759892645	1152.897461	36.9177377494072
549.013672	1146.03236284022	1151.798828	29.0544315203165
547.780273	1279.78431390786	1150.699219	31.8621474761581
546.545898	1452.71196655373	1149.599609	26.9316592195715
545.3125	1542.00059608143	1148.5	31.3509617778709
544.078125	1628.67189010578	1147.399414	22.1620354775052
542.842773	1687.59834016555	1146.298828	17.7867638213704
541.608398	1759.64950220596	1145.198242	1.84718890544617
540.373047	1852.26304220991	1144.097656	7.3680499553962
539.137695	1954.71991431561	1142.99707	-10.7324277330181
537.901367	2010.8654911456	1141.895508	-0.447404233823272
536.665039	2098.75534160762	1140.793945	5.9526905502721
535.429688	2125.95667353704	1139.692383	1.6011154983407
534.192383	2112.2908795387	1138.589844	-5.95870328327108
532.956055	2107.26439812599	1137.488281	19.7942471062405
531.71875	2098.11535816891	1136.385742	31.146707225913
530.481445	2046.94128244846	1135.282227	34.7831236959251
529.243164	2006.94255197902	1134.179688	50.1291086920036
528.005859	1925.3888867018	1133.076172	51.3588342677249
526.767578	1840.97500676245	1131.973633	33.9501689575361
525.529297	1759.08126151172	1130.869141	13.6179813883458
524.290039	1689.21330910732	1129.765625	20.1645820679043
523.050781	1606.66816766639	1128.661133	7.02122205139461
521.811523	1555.50884131513	1127.557617	-3.72090192585738
520.572266	1416.80063468209	1126.452148	15.5752153786695
519.332031	1283.5302232012	1125.347656	13.0814261105632
518.092773	1136.81490359279	1124.243164	23.8567012162763
516.851563	1034.62640451729	1123.137695	27.2008338678648
515.611328	931.329913093832	1122.032227	53.1181529121645
514.370117	868.481317293478	1120.925781	32.5433152604412
513.128906	768.769497838518	1119.820313	24.2077765213068
511.887695	634.315239578427	1118.713867	19.2957875743198
510.645508	538.572354537991	1117.607422	24.7476623108364
509.404297	447.910945726816	1116.500977	11.8751088612118
508.161133	339.36975928598	1115.393555	18.1217181559005
506.918945	301.575406100492	1114.287109	32.0681589231603
505.675781	335.367959572019	1113.179688	4.89221860598251
504.432617	296.64809311434	1112.071289	3.96435334891284
503.189453	240.471442652069	1110.963867	-7.56353527532487
501.946289	218.53364870237	1109.855469	-15.9081402909281
500.702148	140.574023486036	1108.74707	2.50359034085703
499.458008	59.9255021715824	1107.638672	32.5746615500112
498.212891	5.70531827406048	1106.530273	33.2296517569548
496.96875	-8.97109080517439	1105.420898	39.7176511379216
495.723633	-15.6649897926109	1104.311523	57.0521146942568
494.477539	-23.3773119174752	1103.202148	43.9328221541493
493.232422	-17.3818997629402	1102.091797	39.0160707688124
491.986328	-36.1511476010444	1100.982422	46.5376535562167
490.740234	-43.258999617185	1099.87207	69.1320776718484
489.494141	-71.8141579428906	1098.760742	81.9278632908013
488.24707	-52.2812674098044	1097.650391	96.3145324265564
487	-73.033034161793	1096.539063	112.010245654089
485.75293	-59.6814858134942	1095.427734	111.847404920588
484.505859	-56.918978165328	1094.316406	109.823178980604
483.257813	-47.2505742358666	1093.205078	103.835823207371
482.009766	-62.3697259447698	1092.092773	102.080254864024
480.760742	-55.8325633345627	1090.980469	123.013433529182
479.512695	-69.9410011060725	1089.868164	152.661838619197
478.263672	-72.2081148214089	1088.755859	180.974344319679
477.014648	-48.1132212495522	1087.642578	227.746023091878
475.764648	-46.0246159167316	1086.529297	292.705400176683
474.515625	-40.8205967134258	1085.416016	318.067454357116
473.265625	-16.7925006704798	1084.302734	381.647835325691
472.014648	-19.4244719149494	1083.188477	435.981526644527
470.764648	-10.1385809240557	1082.074219	533.232332216994
469.513672	13.0094008112395	1080.959961	629.653524863977
468.262695	21.0393338697155	1079.845703	737.649668744823
467.010742	-5.95796746684482	1078.730469	838.473845104879
465.759766	-13.2261313307625	1077.615234	940.593284398857
464.507813	-40.0831447337228	1076.5	981.563966122482
463.254883	-51.2590920543999	1075.384766	1013.8250732381
462.00293	-75.0004995923226	1074.268555	1027.65884430548
460.75	-80.1413586382816	1073.152344	977.543882690394
459.49707	-73.412581308918	1072.036133	932.961388492867
458.243164	-65.142400048484	1070.919922	862.099251209921
456.990234	-37.2247989934524	1069.802734	777.576819020363
455.736328	-9.74279362005145	1068.685547	675.218433596172
454.481445	-21.6078881204852	1067.568359	606.287746831163
453.227539	-35.779841501826	1066.451172	523.706536377485
451.972656	-42.4764721941676	1065.333008	460.869891981608
450.717773	-47.9020788070866	1064.214844	410.132171251251
449.461914	-56.9655724188826	1063.09668	370.727976907377
448.207031	-33.6311721814751	1061.978516	333.433962444391
446.951172	-6.50879736535244	1060.859375	291.433672147587
445.695313	-10.1923509010294	1059.740234	272.011488020838
444.438477	-50.4911671974502	1058.621094	243.670284648571
443.181641	-63.7392350541848	1057.501953	245.250497128483
441.924805	-54.5491965889265	1056.381836	243.159720512574
440.667969	-81.0670839944205	1055.261719	261.526990393049
439.410156	-93.8644200205146	1054.141602	264.675303478285
438.152344	-93.4389192458894	1053.021484	257.871390598235
436.894531	-52.2588999410373	1051.900391	275.418039340386
435.635742	-33.1412239217858	1050.779297	298.463802787927
434.376953	-13.7156719516304	1049.658203	299.503254448077
433.118164	-16.9759059606064	1048.537109	300.019542359211
431.859375	38.1199489881507	1047.415039	325.673470372435
430.599609	11.5647219318022	1046.292969	314.132053271564
429.339844	3.88820998475367	1045.170898	304.421569607678
428.080078	3.03391999777832	1044.048828	309.897101580019
426.819336	21.6545117753049	1042.925781	326.615450869255
425.55957	-0.539702896078597	1041.802734	327.632629269574
424.297852	28.468104808122	1040.679688	337.016762207014
423.037109	28.238264073549	1039.555664	351.097678603452
421.775391	10.5897934749086	1038.432617	361.778163660644
420.513672	45.4870041910859	1037.308594	365.654137476075
419.251953	39.1689525846048	1036.18457	364.833924603644
417.990234	-8.72231280723863	1035.05957	364.269437864447
416.727539	-26.2934675494747	1033.935547	369.9591891222
415.464844	19.9197133034617	1032.810547	377.476893551283
414.201172	0.646035056330038	1031.68457	387.076167759902
412.9375	13.9910619702936	1030.55957	398.508627861973
411.673828	64.3775734456218	1029.433594	401.588321907625
410.410156	87.5769596198576	1028.307617	383.533035956083
409.146484	99.665149308949	1027.181641	364.43961366248
407.881836	122.467392865901	1026.054688	351.59864225407
406.617188	140.984132875551	1024.928711	347.886854874797
405.351563	156.823890444117	1023.801758	338.448971905101
404.085938	168.361298583428	1022.673828	340.99957881226
402.820313	159.806338169823	1021.546875	318.295602277831
401.554688	197.234335780688	1020.418945	295.583572790584
400.289063	202.856663680905	1019.291016	270.011534922919
399.022461	217.73821884776	1018.163086	287.647063664447
397.755859	274.057010324548	1017.03418	275.616722962173
396.488281	319.827347391015	1015.90625	292.487271216
395.220703	333.281630246632	1014.776367	288.799598089132
393.953125	359.9002680664	1013.647461	266.916417540043
392.685547	379.115402800253	1012.518555	210.692832431831
391.416992	407.366594098733	1011.388672	180.232927238541
390.149414	427.358560633581	1010.258789	166.66351791225
388.879883	405.320065666865	1009.12793	170.768135657799
387.611328	435.639736104112	1007.998047	198.003508649657
386.341797	466.456355684795	1006.867188	204.463904421512
385.072266	482.443265101594	1005.736328	221.303244205134
383.802734	457.123457491614	1004.604492	206.199407577419
382.532227	512.537342556205	1003.473633	179.414395885201
381.261719	527.733368504264	1002.341797	148.480430689717
379.991211	533.246354890968	1001.209961	137.025953550522
378.720703	547.078488701049	1000.077148	127.634420757506
377.449219	599.742164684939	998.944336	117.740843900061
376.177734	580.44512297458	997.8125	115.886164145927
374.905273	572.989765046589	996.678711	112.218217487465
373.633789	571.351475408123	995.545898	118.655030984136
372.361328	523.775426356297	994.412109	95.0333836403587
371.088867	445.908274513588	993.27832	91.3685181593173
369.81543	410.246504767477	992.144531	79.1563841094589
368.541992	369.832622114327	991.009766	89.9820084034725
367.268555	304.253290897095	989.875977	72.8514468332088
365.995117	243.120860346241	988.741211	80.8345586347176
364.720703	272.4432475852	987.605469	95.2741828853128
363.446289	249.292937568825	986.470703	97.0444080534174
362.171875	204.044712546226	985.334961	96.4638320592336
360.896484	181.111552354732	984.199219	117.614884039554
359.621094	175.241204725103	983.063477	101.542219785913
358.345703	117.975051676573	981.926758	66.3337833871439
357.070313	95.7203132734743	980.790039	66.6731547111448
355.793945	81.6194666105683	979.65332	53.7011562177848
354.517578	44.8860424957979	978.516602	56.0977513539242
353.241211	12.6421095837521	977.378906	81.6328619531717
351.963867	-6.76225474182138	976.241211	111.183695777151
350.686523	-12.1547657458013	975.103516	129.094703002216
349.40918	-17.1581113132383	973.964844	121.716804364516
348.131836	4.16629901468568	972.827148	109.67627627859
346.853516	9.45751584926329	971.688477	103.571399491031
345.575195	-14.4811448401499	970.548828	104.169854180484
344.296875	-11.8429574293797	969.410156	86.975788620835
343.017578	10.155915816133	968.270508	87.067359069715
341.738281	-7.0993198915221	967.130859	87.6572894883257
340.458984	3.32314403165074	965.991211	88.5013818134177
339.178711	27.5056629530971	964.850586	116.371221595613
337.898438	32.8475956475028	963.710938	129.571411847587
336.618164	-19.0636999146049	962.570313	161.297920070417
335.337891	-11.2156190547521	961.428711	176.533913653545
334.056641	-30.0997983543746	960.288086	194.076971926876
332.775391	-22.3836381297022	959.146484	172.231159514965
331.494141	-6.02464268860731	958.004883	188.726023155893
330.211914	24.0754376643858	956.862305	190.801343514688
328.930664	44.9890691617649	955.720703	167.177571118708
327.647461	87.8566205496367	954.578125	164.621518371795
326.365234	111.312734934896	953.43457	172.604798399643
325.082031	115.313948218507	952.291992	166.95659717103
323.798828	190.431260039596	951.148438	176.197715943976
322.515625	243.996346730911	950.004883	207.030031874614
321.231445	315.266175082458	948.861328	202.921967760565
319.947266	343.041493559811	947.716797	208.816542084342
318.663086	377.6880160436	946.573242	192.132646267583
317.378906	391.310388961923	945.428711	170.558882700204
316.09375	427.565066374709	944.283203	160.021639243247
314.808594	423.268780398915	943.138672	142.830414028252
313.522461	448.24144821569	941.993164	136.133793021549
312.237305	511.078428932114	940.847656	136.893720499775
310.951172	478.101431723834	939.701172	127.390435567723
309.664063	492.767439736373	938.555664	116.85830735242
308.37793	526.485478924501	937.40918	114.538765953704
307.09082	590.667987198883	936.262695	106.559357116118
305.803711	566.378543922087	935.115234	112.160940691219
304.515625	645.339929772676	933.967773	104.963623179053
303.228516	649.575125907736	932.820313	84.4597460516475
301.94043	665.383865091582	931.672852	69.3393640709365
300.651367	686.350888686894	930.525391	26.0726353682528
299.363281	733.840202338535	929.376953	-11.3054187071762
298.074219	766.160030663441	928.228516	-16.2040538048838
296.785156	806.646452632897	927.079102	-19.8148816878874
295.495117	831.07247912401	925.930664	-23.1676825828648
294.205078	865.855277230235	924.78125	-18.3370698585421
292.915039	931.121745032422	923.631836	-4.83178604849354
291.625	953.276140330219	922.481445	-13.5673504720759
290.333984	1010.11463975919	921.332031	-31.3744229816864
289.042969	1031.2523551538	920.181641	-34.0033469064828
287.751953	1015.41748468175	919.030273	-51.5646129732551
286.459961	987.850977410003	917.879883	-60.3485085150138
285.167969	973.786467996045	916.728516	-71.5616665900368
283.875977	965.601570636218	915.577148	-58.7748631054938
282.583984	983.805012229832	914.425781	-70.9824235207451
281.291016	972.283174818857	913.273438	-64.053461263977
279.998047	952.669828755407	912.121094	-76.5122623624453
278.704102	957.622695427261	910.96875	-80.5567705902807
277.411133	898.356660065856	909.816406	-100.139473758682
276.117188	876.13352659936	908.663086	-94.7509220876288
274.822266	847.567833863611	907.509766	-79.6915362740199
273.52832	823.984402459021	906.356445	-68.7084283244801
272.233398	739.14370083921	905.203125	-59.5127897940549
270.938477	721.004988194402	904.048828	-45.9823176955118
269.642578	632.828590782033	902.894531	-21.7863248679466
268.347656	582.457003842057	901.740234	-30.6593420823539
267.051758	547.353943695759	900.584961	-25.0382464168771
265.754883	479.90682323226	899.429688	-26.0276892997263
264.458984	381.149454204517	898.274414	-36.4095832491857
263.162109	360.780470772766	897.119141	-51.3860599835503
261.865234	326.695763869025	895.962891	-37.3818655662528
260.567383	232.44713837473	894.806641	-41.1667147347987
259.269531	235.629743863598	893.650391	-37.8374533880702
257.97168	193.889367179709	892.493164	-19.5175292228174
256.673828	119.833691773413	891.336914	-13.9070076618782
255.375	60.0211303056342	890.179688	-11.6022325117883
254.076172	24.1624743571818	889.021484	-32.1150636750702
252.777344	-0.399027029746867	887.864258	-38.1734722725662
251.477539	-10.7734774534551	886.706055	-43.9756272086991
250.177734	-35.1981443085406	885.547852	-46.2333327632826
248.87793	-49.6741351616114	884.389648	-49.253455440205
247.577148	-41.5704958185143	883.230469	-17.5357781724789
246.276367	-54.0368805431153	882.071289	-7.11761286548508
244.975586	-21.9369700725551	880.912109	20.0100386748201
243.674805	-8.37548349092758	879.751953	21.8090502372386
242.373047	19.5335447143796	878.592773	10.1924869713326
241.071289	19.7670215737049	877.432617	-2.1870159618116
239.769531	23.7460816215953	876.271484	-16.3288952280464
238.466797	35.2104757492191	875.111328	-24.668809334529
237.164063	67.8312545564652	873.950195	-28.6879893956589
235.861328	79.7064356482748	872.789063	-8.42566533163598
234.558594	102.865188311919	871.626953	7.78280433008088
233.254883	114.711285759479	870.46582	11.1089887788701
231.951172	105.310472141517	869.303711	-7.82012393268285
230.646484	71.6073884135272	868.141602	6.60729170217255
229.341797	9.72068931829308	866.978516	6.11976418579834
228.037109	-40.4539834163621	865.81543	-2.1940287844059
226.732422	-54.6652349181706	864.652344	6.67814716960989
225.426758	-113.523306984485	863.489258	8.4842116979154
224.12207	-116.544909477025	862.325195	15.5640942711279
222.81543	-127.039608141609	861.161133	28.9498474994821
221.509766	-127.582753463187	859.99707	23.5920727943657
220.203125	-192.246980359864	858.833008	27.0410494366238
218.896484	-236.12711386083	857.667969	34.5104775941172
217.588867	-220.722613694154	856.50293	22.2747474787883
216.282227	-220.074402694992	855.337891	9.2607236785705
214.974609	-168.724872223535	854.171875	15.2369977307424
213.666016	-118.503382796278	853.006836	28.0006500129183
212.358398	-29.2951834954805	851.84082	37.9948817761496
211.049805	-42.2768776831836	850.673828	38.6667648526544
209.741211	17.6104476865352	849.507813	33.0419813764006
208.431641	8.06420623950871	848.34082	35.9776532565567
207.12207	10.5535361729912	847.172852	20.0329963040036
205.8125	25.0939175784685	846.005859	17.6754414800291
204.50293	-40.7109407658118	844.837891	24.8735639319462
--	--	843.669922	15.7357786924053
--	--	842.501953	-0.690669967290957
--	--	841.333008	-6.55786127180542
--	--	840.164063	-2.63881328172345
--	--	838.995117	-34.133035749314
--	--	837.826172	-30.7057973355908
--	--	836.65625	-6.69485067285804
--	--	835.486328	9.27339155383176
--	--	834.316406	9.91444096728576
--	--	833.145508	32.9087198081893
--	--	831.975586	29.8009676479382
--	--	830.803711	39.2084833300287
--	--	829.632813	21.7992084224506
--	--	828.460938	-2.12471396278997
--	--	827.290039	16.0490302593212
--	--	826.117188	19.7028492895806
--	--	824.945313	-8.22708050456152
--	--	823.772461	8.94180277598048
--	--	822.599609	32.3676150036684
--	--	821.426758	30.7239557233453
--	--	820.25293	49.370739902283
--	--	819.079102	62.7641322047786
--	--	817.905273	47.8802679590794
--	--	816.731445	49.9953432684367
--	--	815.556641	26.6044922953915
--	--	814.381836	23.9616319365872
--	--	813.206055	17.0814861089812
--	--	812.03125	19.4064624292024
--	--	810.855469	0.429848611909808
--	--	809.679688	11.6258772292572
--	--	808.50293	-14.6918878602817
--	--	807.327148	-13.5979621806693
--	--	806.150391	-5.27287030299029
--	--	804.973633	9.53468613186892
--	--	803.795898	13.3468424726683
--	--	802.618164	39.614945582212
--	--	801.44043	35.2022324279384
--	--	800.262695	41.9954451661252
--	--	799.083984	36.0752318235616
--	--	797.905273	22.6767650884724
--	--	796.726563	18.9867304224892
--	--	795.546875	26.2665722188047
--	--	794.367188	29.5421038528848
--	--	793.1875	48.9963937907952
--	--	792.007813	64.2185525769897
--	--	790.827148	32.6663040973926
--	--	789.646484	20.5184828418553
--	--	788.46582	6.61685038366988
--	--	787.285156	3.89035445858321
--	--	786.103516	-18.2101384719752
--	--	784.921875	-0.273441430186709
--	--	783.739258	-1.73210990488959
--	--	782.557617	-14.37728147812
--	--	781.375	-38.2152402431945
--	--	780.192383	-21.0703447400155
--	--	779.008789	-21.3061943814484
--	--	777.825195	-0.950076998891596
--	--	776.641602	14.4398051216255
--	--	775.458008	15.9299844278501
--	--	774.273438	5.750318883956
--	--	773.088867	-0.945121963449306
--	--	771.904297	-32.6848025896763
--	--	770.719727	-42.6139052733061
--	--	769.53418	-41.6401443572787
--	--	768.348633	-29.5305426716532
--	--	767.162109	-25.3372638264627
--	--	765.976563	-13.4646995361236
--	--	764.790039	1.93815965008832
--	--	763.603516	-4.50325661637917
--	--	762.416016	-32.7897472560946
--	--	761.228516	-48.5078519500566
--	--	760.041016	-58.1087253410799
--	--	758.853516	-80.9848255554578
--	--	757.665039	-85.5545485970609
--	--	756.476563	-91.1034812542583
--	--	755.288086	-93.4379829282308
--	--	754.099609	-91.0881260638964
--	--	752.910156	-98.8674743123821
--	--	751.720703	-82.4650313367325
--	--	750.53125	-78.6407026161803
--	--	749.34082	-57.5516131653104
--	--	748.150391	-47.5776844672663
--	--	746.959961	-26.2623856405214
--	--	745.768555	-38.9986653492146
--	--	744.577148	-24.8478795510103
--	--	743.385742	-32.8947700447704
--	--	742.194336	-33.7963904318953
--	--	741.001953	-49.2366025033316
--	--	739.80957	-54.5709772301165
--	--	738.617188	-57.4512231853451
--	--	737.424805	-38.9168425497324
--	--	736.231445	-47.9493860265957
--	--	735.038086	-37.7878135834591
--	--	733.84375	-33.5343953620812
--	--	732.650391	-14.7887564716648
--	--	731.456055	-28.0194842143836
--	--	730.260742	-25.7416695188049
--	--	729.066406	-19.523881770187
--	--	727.871094	-28.250204713628
--	--	726.675781	-34.5096927413325
--	--	725.479492	-32.8572054544414
--	--	724.28418	-22.8164873556618
--	--	723.087891	-21.8655676007357
--	--	721.891602	-6.90890352711408
--	--	720.694336	-0.324101512766772
--	--	719.49707	-5.50065610497184
--	--	718.299805	6.2372193954622
--	--	717.101563	-4.093427037945
--	--	715.904297	0.776303097201636
--	--	714.706055	-16.9120136385569
--	--	713.506836	-0.528812517981682
--	--	712.308594	-12.8198577044045
--	--	711.109375	-17.9906520455598
--	--	709.910156	-45.1987574415743
--	--	708.709961	-47.4355810058006
--	--	707.509766	-73.9059756560461
--	--	706.30957	-85.4397337269856
--	--	705.109375	-67.6198081051116
--	--	703.908203	-44.167461879386
--	--	702.707031	-29.0522465358439
--	--	701.505859	-1.95582314853657
--	--	700.304688	25.1284310295441
--	--	699.102539	23.1192065426299
--	--	697.900391	33.0819863423894
--	--	696.697266	26.4308225385222
--	--	695.495117	21.9758303941461
--	--	694.291992	13.8563487967479
--	--	693.087891	25.5066988398439
--	--	691.884766	19.5887252740975
--	--	690.680664	30.7462155432451
--	--	689.476563	23.5447740439393
--	--	688.271484	36.4398358287507
--	--	687.067383	38.4632591923596
--	--	685.862305	27.4572607232224
--	--	684.65625	32.8632396371686
--	--	683.451172	37.9735899862177
--	--	682.245117	23.5724561620887
--	--	681.039063	7.30427736811164
--	--	679.832031	19.9218290454728
--	--	678.625	8.32818364072188
--	--	677.417969	17.3309043748411
--	--	676.210938	24.7805946456163
--	--	675.00293	30.5959425899305
--	--	673.794922	46.1253376791385
--	--	672.586914	31.036324134396
--	--	671.37793	21.5306128732994
--	--	670.169922	10.0843754758671
--	--	668.959961	12.3718470138119
--	--	667.750977	-10.0122277637855
--	--	666.541016	7.29530226628208
--	--	665.331055	2.36424430734497
--	--	664.121094	10.3876009269445
--	--	662.910156	-5.40437412239062
--	--	661.699219	1.80015114386947
--	--	660.488281	-0.726837436590385
--	--	659.277344	12.7354737074129
--	--	658.06543	4.84852160936264
--	--	656.853516	12.2231881681587
--	--	655.640625	0.485262363639076
--	--	654.428711	5.21261439465068
--	--	653.21582	29.5400562637331
--	--	652.001953	33.5522604606142
--	--	650.789063	49.1761721016454
--	--	649.575195	88.0263566220912
--	--	648.361328	105.087101211488
--	--	647.146484	102.296698395996
--	--	645.931641	115.49715246295
--	--	644.716797	102.10395032607
--	--	643.501953	93.2879363480343
--	--	642.286133	91.2428405995264
--	--	641.070313	95.4736524724902
--	--	639.854492	100.931743416004
--	--	638.638672	119.438616316289
--	--	637.421875	132.371353427419
--	--	636.205078	121.902828150298
--	--	634.987305	110.463283416043
--	--	633.769531	112.547144820746
--	--	632.551758	71.2468415175668
--	--	631.333984	41.5090995749872
--	--	630.115234	28.1879815786559
--	--	628.896484	-0.553888654705228
--	--	627.677734	-32.6564129599822
--	--	626.458984	-14.8610414037309
--	--	625.239258	-14.4275050732776
--	--	624.019531	-16.6474336010056
--	--	622.798828	-14.5738065061858
--	--	621.579102	-13.7434935350192
--	--	620.358398	-20.9017140744033
--	--	619.136719	-55.2798939447964
--	--	617.916016	-61.5519141777971
--	--	616.694336	-84.3978260916501
--	--	615.47168	-75.5189987722147
--	--	614.25	-90.6548240178592
--	--	613.027344	-83.9113230687183
--	--	611.804688	-88.4757974839219
--	--	610.582031	-78.3736750695409
--	--	609.358398	-105.734456324125
--	--	608.134766	-107.387361539569
--	--	606.910156	-98.4879640045599
--	--	605.686523	-100.870042070063
--	--	604.461914	-112.592810260843
--	--	603.237305	-101.529813010447
--	--	602.011719	-86.3932089930359
--	--	600.786133	-83.4909123179949
--	--	599.560547	-92.7988362852146
--	--	598.334961	-73.1154635812022
--	--	597.108398	-75.4709008210448
--	--	595.881836	-82.1351902372069
--	--	594.655273	-84.7291736383523
--	--	593.427734	-82.2812254597892
--	--	592.200195	-71.7188360182904
--	--	590.972656	-62.1007984399878
--	--	589.744141	-58.935504899688
--	--	588.516602	-48.128111816933
--	--	587.287109	-41.6108029221621
--	--	586.058594	-63.5450609264481
--	--	584.829102	-49.8769935678627
--	--	583.599609	-45.9900476377177
--	--	582.370117	-58.3471345131152
--	--	581.139648	-53.7415921791589
--	--	579.90918	-50.7985518624041
--	--	578.678711	-63.1474137600775
--	--	577.447266	-53.2949345013573
--	--	576.21582	-36.8817303121942
--	--	574.984375	-23.5490754222727
--	--	573.75293	-15.4293057999266
--	--	572.520508	-3.48720896521245
--	--	571.288086	-7.96755649062144
--	--	570.055664	-17.7900386707063
--	--	568.822266	-32.1415030114769
--	--	567.588867	-8.64278111804586
--	--	566.355469	-20.1506140416288
--	--	565.121094	5.69773930853482
--	--	563.886719	20.3562601526139
--	--	562.652344	23.3577276946584
--	--	561.416992	14.9084328721719
--	--	560.182617	30.008365548401
--	--	558.946289	7.76208678061833
--	--	557.710938	21.160693036617
--	--	556.474609	45.0146720376667
--	--	555.238281	51.0315120106934
--	--	554.001953	59.8850063593608
--	--	552.764648	90.3375665322027
--	--	551.527344	87.7695120557989
--	--	550.290039	96.1114476006259
--	--	549.051758	91.8782690202249
--	--	547.814453	98.3025118934349
--	--	546.575195	98.5412745965199
--	--	545.336914	93.335690274713
--	--	544.097656	97.8282030347265
--	--	542.858398	100.43681831544
--	--	541.619141	92.1257375819687
--	--	540.378906	88.5389378852146
--	--	539.138672	93.7209510450642
--	--	537.898438	70.9524250951264
--	--	536.657227	53.8810428585524
--	--	535.416016	42.9011345289825
--	--	534.174805	39.6902335272073
--	--	532.932617	14.245725441865
--	--	531.69043	0.144901855038782
--	--	530.448242	20.3037943048714
--	--	529.206055	11.1869840337163
--	--	527.962891	-1.48789647202331
--	--	526.719727	25.0735558387651
--	--	525.476563	30.6243210465528
--	--	524.232422	31.1934950402329
--	--	522.988281	45.4736540651249
--	--	521.744141	37.0933272865673
--	--	520.499023	19.2731713283911
--	--	519.253906	41.3313409953925
--	--	518.008789	16.4606684605243
--	--	516.762695	20.1192697985914
--	--	515.516602	14.8383197990333
--	--	514.270508	28.640552437531
--	--	513.024414	12.2785254041248
--	--	511.777344	28.212803170688
--	--	510.530273	35.6448251098723
--	--	509.282227	51.5718230660844
--	--	508.035156	46.537761820947
--	--	506.787109	63.1599288942377
--	--	505.538086	78.1315148802512
--	--	504.290039	63.2301264379805
--	--	503.041016	71.6151392290567
--	--	501.791992	73.6587969469213
--	--	500.541992	72.4048803144596
--	--	499.291992	70.6838359966566
--	--	498.041992	79.3155728958974
--	--	496.791016	80.8892423779786
--	--	495.541016	70.0376917659215
--	--	494.290039	49.7832466331694
--	--	493.038086	26.4697358179235
--	--	491.786133	16.7567677691273
--	--	490.53418	-8.68307298988164
--	--	489.282227	-17.4633274763799
--	--	488.029297	-8.19124267782218
--	--	486.776367	-8.05205126022313
--	--	485.523438	-32.513759729129
--	--	484.269531	-42.9054242370886
--	--	483.015625	-53.2872716625308
--	--	481.761719	-66.9582141745832
--	--	480.507813	-71.4830515563991
--	--	479.25293	-71.3050051111269
--	--	477.998047	-74.4037513683586
--	--	476.742188	-73.9861063040826
--	--	475.486328	-89.0093528623666
--	--	474.230469	-102.620238255372
--	--	472.974609	-91.2097327619092
--	--	471.717773	-72.7931450025551
--	--	470.460938	-50.7161872918532
--	--	469.204102	-41.7788592869281
--	--	467.946289	-25.2032141612317
--	--	466.688477	-25.0474668798401
--	--	465.430664	-12.1324707782189
--	--	464.171875	-10.4091190317637
--	--	462.913086	6.26346102556752
--	--	461.654297	17.5647897128418
--	--	460.394531	14.4191294541315
--	--	459.135742	7.75600680411276
--	--	457.875	-4.48331421686299
--	--	456.615234	-6.69856888914461
--	--	455.354492	-5.88339516960967
--	--	454.09375	7.06170491363273
--	--	452.833008	6.02108520161221
--	--	451.571289	4.07051004470532
--	--	450.30957	-2.7718450057565
--	--	449.046875	7.83003877041022
--	--	447.785156	-4.34768698196458
--	--	446.522461	-4.66801705086173
--	--	445.258789	25.4783368841798
--	--	443.996094	29.3623424418547
--	--	442.732422	18.6621488400632
--	--	441.467773	15.476935039768
--	--	440.204102	0.943404667101743
--	--	438.939453	-18.8998435753772
--	--	437.674805	-17.3160518836344
--	--	436.40918	-9.04357237038445
--	--	435.143555	16.1834557998042
--	--	433.87793	48.5868643618403
--	--	432.612305	42.0181235448631
--	--	431.345703	75.3191818871447
--	--	430.079102	72.6757119554433
--	--	428.811523	102.933610211719
--	--	427.544922	105.143127397303
--	--	426.277344	115.258394424218
--	--	425.008789	105.876748235632
--	--	423.740234	104.855372118405
--	--	422.47168	72.5590595985795
--	--	421.203125	60.8785460551603
--	--	419.933594	72.1210823755717
--	--	418.664063	68.5385016762775
--	--	417.394531	86.0085016307912
--	--	416.125	114.799403486328
--	--	414.854492	144.732482828275
--	--	413.583008	151.554194045468
--	--	412.3125	151.2089127606
--	--	411.041016	163.321254319751
--	--	409.769531	155.335952516125
--	--	408.49707	148.498851472102
--	--	407.224609	174.679267027988
--	--	405.952148	200.394573430122
--	--	404.679688	217.546105179872
--	--	403.40625	262.831330193073
--	--	402.132813	296.111201844581
--	--	400.858398	316.001327347579
--	--	399.584961	354.089263084267
--	--	398.310547	389.158738022927
--	--	397.035156	421.203447974133
--	--	395.759766	472.122755818281
--	--	394.484375	526.711702654622
--	--	393.208984	569.533519209488
--	--	391.932617	609.803296872256
--	--	390.65625	668.212330395682
--	--	389.379883	735.556494713824
--	--	388.102539	807.706618355794
--	--	386.825195	863.058102185903
--	--	385.547852	946.64754922714
--	--	384.269531	1023.28405060494
--	--	382.992188	1062.67165533277
--	--	381.712891	1104.56419878439
--	--	380.43457	1153.34817803946
--	--	379.155273	1169.26286296316
--	--	377.875977	1175.50531483651
--	--	376.595703	1176.48819665375
--	--	375.31543	1147.41864588697
--	--	374.035156	1134.41074747424
--	--	372.754883	1104.67276980567
--	--	371.473633	1050.17467861658
--	--	370.192383	1006.0220953276
--	--	368.910156	982.286215276507
--	--	367.62793	923.512527901881
--	--	366.345703	869.120552747343
--	--	365.063477	804.681959107984
--	--	363.780273	739.812627439312
--	--	362.49707	660.089425681554
--	--	361.212891	601.22655237639
--	--	359.929688	524.100961305563
--	--	358.645508	463.015960605876
--	--	357.360352	416.582332171676
--	--	356.076172	367.206556240005
--	--	354.791016	318.990016589796
--	--	353.504883	302.788603662119
--	--	352.21875	262.623155119373
--	--	350.932617	237.067866580599
--	--	349.646484	215.417934208162
--	--	348.359375	212.938983480715
--	--	347.072266	197.00093192986
--	--	345.785156	193.866559314276
--	--	344.498047	169.737289123738
--	--	343.209961	156.112273967288
--	--	341.920898	123.332439588208
--	--	340.632813	97.6342081002914
--	--	339.34375	93.1364116882227
--	--	338.053711	82.4942135236267
--	--	336.764648	100.763437658992
--	--	335.474609	96.731495840571
--	--	334.18457	83.574943473135
--	--	332.893555	79.6864244834837
--	--	331.602539	101.678410323809
--	--	330.311523	87.8888641958124
--	--	329.019531	70.6724114323465
--	--	327.727539	70.0383471355929
--	--	326.435547	73.0123738530127
--	--	325.143555	48.7063668649911
--	--	323.850586	29.8615340634283
--	--	322.557617	20.3587973779477
--	--	321.263672	29.2297756810882
--	--	319.969727	8.34736624329039
--	--	318.675781	-3.45092629952983
--	--	317.381836	-5.40961223025546
--	--	316.086914	16.8452597922485
--	--	314.791992	-5.88018438611173
--	--	313.496094	1.93183853051202
--	--	312.200195	4.46244887365996
--	--	310.904297	30.8360262730503
--	--	309.608398	40.8886808125772
--	--	308.311523	70.4275178737679
--	--	307.014648	75.2562462118933
--	--	305.716797	91.848539874358
--	--	304.418945	81.4751881794221
--	--	303.121094	91.2388646145857
--	--	301.823242	93.0846763133489
--	--	300.524414	113.913363174705
--	--	299.225586	142.632057860677
--	--	297.925781	165.682964914825
--	--	296.626953	164.995975097374
--	--	295.326172	202.251423686828
--	--	294.026367	236.311132023576
--	--	292.725586	253.635488972426
--	--	291.424805	273.209130278508
--	--	290.124023	293.91763995488
--	--	288.822266	299.243952235924
--	--	287.520508	283.127179458003
--	--	286.217773	273.996410011412
--	--	284.916016	268.468006981801
--	--	283.612305	272.414196547161
--	--	282.30957	243.452739018433
--	--	281.005859	225.761384126322
--	--	279.702148	208.738053877302
--	--	278.398438	171.450346013137
--	--	277.09375	136.645741367307
--	--	275.789063	112.218768185871
--	--	274.483398	79.914041667466
--	--	273.178711	47.3797600925882
--	--	271.87207	32.4016756097168
--	--	270.566406	18.0983638028687
--	--	269.259766	-0.464212347732786
--	--	267.953125	-7.11632972741281
--	--	266.646484	-16.4753408026956
--	--	265.338867	-2.93956184067776
--	--	264.03125	-1.30889664650999
--	--	262.722656	14.4703342317883
--	--	261.414063	20.584266602601
--	--	260.105469	24.6026007341419
--	--	258.796875	16.0700661064222
--	--	257.487305	19.023689711969
--	--	256.177734	24.9169625343248
--	--	254.868164	35.5407625060856
--	--	253.557617	34.3696351061749
--	--	252.24707	34.2751049470148
--	--	250.935547	35.4968715791864
--	--	249.624023	15.2027993406351
--	--	248.3125	4.28083046834101
--	--	247.000977	4.31451841860971
--	--	245.688477	-7.7749612174343
--	--	244.375977	-8.48580840880984
--	--	243.0625	13.1543478290808
--	--	241.749023	20.8935819229779
--	--	240.435547	26.5906172284079
--	--	239.12207	42.5380551098743
--	--	237.807617	32.5312577832897
--	--	236.493164	44.1807797496819
--	--	235.177734	47.570273009011
--	--	233.862305	67.7013195219323
--	--	232.546875	70.8606833227615
--	--	231.230469	88.1002525818664
--	--	229.914063	77.8572664433059
--	--	228.597656	87.6746700105846
--	--	227.28125	75.3889182768236
--	--	225.963867	72.4527565199738
--	--	224.646484	69.9435212520695
--	--	223.328125	58.9544236046268
--	--	222.009766	55.0609468725283
--	--	220.691406	68.5206374169219
--	--	219.37207	41.6750939937764
--	--	218.052734	25.9409151992573
--	--	216.733398	37.5641121438676
--	--	215.413086	5.11531985117445
--	--	214.092773	-16.3970620411808
--	--	212.772461	-0.0229559160078942
--	--	211.451172	-13.6153255943615
--	--	210.129883	-19.8536105875879
--	--	208.808594	-14.2461749610238
--	--	207.486328	-45.5535790445329
--	--	206.164063	-71.5649306202619
--	--	204.841797	-60.0779572900667
--	--	203.518555	-72.3961899080067
--	--	202.195313	-80.0723841978433
--	--	200.87207	-72.6853474435828
--	--	199.547852	-71.5544755671929
--	--	198.223633	-62.2779057443581
--	--	196.898438	-73.4292852638631
--	--	195.574219	-42.9538454242233
--	--	194.249023	-15.4032064652033
--	--	192.922852	3.26258407821666
--	--	191.59668	18.5077347473663
--	--	190.270508	47.643302121436
--	--	188.944336	33.5150291330261
--	--	187.617188	21.9572675299163
--	--	186.290039	22.4688718309181
--	--	184.961914	3.62316953112068
--	--	183.633789	-9.18543166453579
--	--	182.305664	-9.32316890295526
--	--	180.976563	6.07582983453814
--	--	179.647461	4.53136466670523
--	--	178.318359	-3.79390028927252
--	--	176.989258	-16.1706218551485
--	--	175.65918	-9.63050491929862
--	--	174.328125	1.22172334212689
--	--	172.998047	-7.41800978721386
--	--	171.666992	2.40652726307633
--	--	170.334961	32.4514303583894
--	--	169.003906	27.1022357372369
--	--	167.671875	11.2930595432233
--	--	166.338867	29.3907242693144
--	--	165.005859	28.0012837429124
--	--	163.672852	6.46841954410614
--	--	162.339844	2.90125517730432
--	--	161.005859	-5.63045517667139
--	--	159.671875	-9.67265034334098
--	--	158.337891	-6.52420897584639
--	--	157.00293	1.64379825827054
--	--	155.667969	12.6684504029423
--	--	154.332031	5.80970189057549
--	--	152.996094	29.9186615371572
--	--	151.660156	46.6936688168167
--	--	150.323242	74.7937279173867
--	--	148.986328	90.6804046177101
--	--	147.649414	97.0908323868709
--	--	146.311523	70.8913663788164
--	--	144.973633	35.0564415847373
--	--	143.635742	-40.4823761203161
--	--	142.296875	-101.496547548369
--	--	140.958008	-129.147939294261
--	--	139.619141	-160.550027969521
--	--	138.279297	-181.309085074489
--	--	136.939453	-173.476147234461
--	--	135.599609	-185.51088589799
--	--	134.258789	-215.216479007754
--	--	132.917969	-208.724008998489
--	--	131.576172	-177.865884027211
--	--	130.234375	-135.704469244508
--	--	128.892578	-62.6548523701147
--	--	127.550781	-5.56068390288395
--	--	126.208008	24.8481099610311
--	--	124.864258	21.7752546699491
--	--	123.521484	14.8565435498951
--	--	122.177734	8.63809454892556
--	--	120.833008	60.7443819775472
--	--	119.489258	65.1626007899218
--	--	118.144531	94.7146057637339
--	--	116.798828	62.583543113228
--	--	115.454102	-44.1412304433105
--	--	114.107422	-208.674509646346
--	--	112.761719	-367.17045887836
--	--	111.415039	-512.046106527362
--	--	110.068359	-559.303663593525
--	--	108.720703	-566.271864501875
--	--	107.373047	-469.865177111287
--	--	106.025391	-321.061759324415
--	--	104.677734	-189.632622349911
--	--	103.329102	7.0382221391865
--	--	101.979492	382.828006757231
--	--	100.630859	695.773635361146
--	--	99.280273	875.974861324856
--	--	97.930664	869.608295014746
--	--	96.580078	702.21341823956
--	--	95.229492	398.437010826463
--	--	93.878906	28.2705407332481
--	--	92.527344	-212.542845762817
--	--	91.175781	-227.491635268261
--	--	89.823242	-188.81226499405
--	--	88.470703	-191.155319075272
--	--	87.118164	-144.732433704166
--	--	85.764648	-113.975283629363
--	--	84.411133	-130.924977406155
--	--	83.057617	-148.502230882891
--	--	81.703125	-150.437444862201
--	--	80.348633	-146.504316598852
--	--	78.994141	-138.874522415853
--	--	77.638672	-127.983144269598
--	--	76.283203	-113.832729704896
--	--	74.926758	-99.6722502756671
--	--	73.570313	-83.7746690225851
--	--	72.213867	-65.4912649467781
--	--	70.856445	-48.2860420567709
--	--	69.499023	-32.156708619936
--	--	68.141602	-14.2883549683793
--	--	66.783203	0.7703695540463
--	--	65.424805	14.1035780641797
--	--	64.066406	30.2535640154828
--	--	62.707031	43.6031102222949
--	--	61.347656	60.8469048176952
--	--	59.987305	77.8782710462163
--	--	58.626953	97.9399103726596
