701.103516	-168.444515288966	2205.025391	51.5884453552481
699.90332	-40.2805183668024	2204.133789	58.9472189943645
698.702148	9.35702625846534	2203.243164	-46.273590178298
697.501953	116.317448053285	2202.351563	40.1618544620378
696.300781	51.1949646951525	2201.459961	66.507933101153
695.099609	-73.5023855887521	2200.567383	-61.559556446734
693.897461	43.514569269204	2199.675781	-3.76865380761865
692.695313	0.99791491689939	2198.783203	-54.6164173555062
691.493164	49.2569614746408	2197.890625	28.8483180966059
690.291016	-32.4175476152268	2196.998047	-110.556086451281
689.088867	-57.4506754913782	2196.105469	98.5546460008309
687.885742	27.0222215633185	2195.212891	-37.9610865470559
686.682617	-39.8469062333898	2194.319336	222.428448716833
685.478516	19.5316353870676	2193.425781	88.7769679807225
684.275391	61.0312445505879	2192.532227	-76.2211817541684
683.071289	-16.9462515551841	2191.638672	109.82118450972
681.867188	-112.629365683953	2190.745117	1.93337577361035
680.662109	17.5040497108021	2189.851563	50.9655000387193
679.458008	36.8276282911338	2188.957031	28.6675291143865
678.25293	25.875280540442	2188.0625	-5.0313098087272
677.046875	143.392885500743	2187.167969	-7.3629617318411
675.841797	48.8100471715807	2186.273438	246.819058345046
674.635742	40.4899957930247	2185.378906	50.6563414207121
673.429688	-12.6527614438601	2184.483398	102.424781309374
672.223633	-80.9400682272717	2183.588867	71.5726213862618
671.016602	-119.933654346336	2182.693359	49.261472274924
669.80957	-51.4160597543305	2181.797852	-44.2308188351926
668.602539	12.6238988220539	2180.902344	-20.9692149465291
667.395508	-5.9418392268235	2180.005859	101.889550753911
666.1875	-64.8299839772008	2179.110352	102.339642643794
664.979492	87.2118963024823	2178.213867	85.7032913442345
663.771484	72.2545682170749	2177.317383	77.6030850458947
662.563477	-1.9710387958512	2176.420898	52.4374367463352
661.354492	138.831429779746	2175.523438	-109.223800739009
660.145508	167.603551544515	2174.626953	16.3273479614318
658.936523	78.0977319511585	2173.729492	73.5962754748689
657.726563	222.475196397709	2172.833008	51.27634117653
656.516602	183.243366937679	2171.935547	-10.8287543100332
655.306641	297.706440365922	2171.037109	-50.1980169848203
654.09668	323.476224212411	2170.139648	149.034777528618
652.885742	606.06403744831	2169.241211	-162.643901661898
651.674805	338.722978982172	2168.34375	28.2762049219155
650.463867	300.861730432453	2167.445313	62.9902245369231
649.25293	521.806970450649	2166.546875	-126.516466385951
648.041016	466.817654373836	2165.647461	4.67554072237272
646.829102	535.872923240802	2164.749023	-62.7642552005009
645.617188	524.841446590468	2163.849609	25.8125169078203
644.404297	517.90087767498	2162.951172	111.523606522828
643.191406	655.947657606494	2162.051758	-55.14864436885
641.978516	526.837779723706	2161.152344	75.8871127394714
640.765625	586.855928167213	2160.251953	127.504860341109
639.551758	665.66093431144	2159.352539	133.76913244943
638.338867	714.941525594703	2158.452148	-27.1306979489336
637.124023	755.701275070462	2157.551758	-54.8420438094172
635.910156	559.074399917354	2156.651367	59.0525597922197
634.695313	765.572082288498	2155.750977	-155.544529068264
633.480469	772.499567172328	2154.849609	-109.628481973314
632.265625	741.589827364996	2153.949219	43.8256991662029
631.050781	704.345361582995	2153.047852	-99.9149842009665
629.834961	910.39729569072	2152.146484	16.6846568939845
628.619141	835.28155296369	2151.245117	-42.1409874731844
627.402344	758.057922050877	2150.34375	116.818036159647
626.186523	672.457104278665	2149.441406	1.43131628579158
624.969727	773.395009523818	2148.540039	134.870808918623
623.75293	870.075648789862	2147.637695	11.0402410447678
622.535156	799.091981683285	2146.735352	178.323939708794
621.318359	659.018603590372	2145.833008	34.7497198349392
620.100586	619.508637283267	2144.929688	134.154958992279
618.882813	845.903872128293	2144.027344	109.257985118425
617.664063	684.966238077983	2143.124023	109.774057737885
616.445313	555.501409552697	2142.220703	79.2320308952249
615.226563	683.454320791467	2141.317383	-71.4557585205139
614.007813	631.480842033334	2140.414063	115.388216507787
612.788086	730.125233277944	2139.509766	19.9771936783127
611.569336	383.416035442913	2138.605469	76.9270108488399
610.348633	595.018156138056	2137.702148	-43.8174152301926
609.128906	522.347978354565	2136.797852	-88.4095669523313
607.908203	566.763177000516	2135.892578	-113.280177639581
606.6875	613.30364287132	2134.988281	-64.8386604690541
605.466797	474.002226593866	2134.083984	144.213695701472
604.246094	435.058770795053	2133.178711	-66.6793528784419
603.024414	406.634161212283	2132.273438	4.21373254164337
601.802734	443.004443433907	2131.368164	-60.1246511456057
600.580078	350.056250776115	2130.462891	38.8822032744802
599.358398	278.109125501695	2129.556641	-28.2926981632099
598.135742	373.146721587669	2128.651367	-95.427956850459
596.913086	236.767090676469	2127.745117	48.5104237118521
595.689453	384.094512949585	2126.838867	-58.0463137258375
594.466797	287.59438848764	2125.932617	15.4799568364724
593.243164	253.767661624021	2125.025391	7.37674164834152
592.018555	209.653386781538	2124.119141	61.1593602106523
590.794922	232.353096470259	2123.211914	-48.1850900848131
589.570313	40.6593906633789	2122.304688	44.9026127270563
588.345703	226.0632601404	2121.397461	92.9771084315917
587.121094	103.438442174695	2120.490234	-75.3443918638732
585.895508	155.836880935191	2119.582031	-103.15963690978
584.669922	56.4719133551717	2118.674805	37.58333890209
583.444336	111.259267408292	2117.766602	127.689968856184
582.217773	232.740572530534	2116.858398	141.943060702944
580.992188	19.5603779117246	2115.950195	201.484527536863
579.765625	122.652953658344	2115.041016	118.586391644742
578.538086	155.210868114016	2114.132813	206.899108711609
577.311523	7.16001527244589	2113.223633	345.669424402521
576.083984	85.8252538182842	2112.314453	450.721965093431
574.856445	81.573139992146	2111.405273	536.099701784342
573.628906	185.519622452161	2110.496094	456.007718892222
572.400391	231.495729014747	2109.585938	684.313274624145
571.171875	217.47495655246	2108.676758	483.694917315056
569.943359	120.672883050462	2107.766602	591.401352046979
568.713867	221.254111385249	2106.856445	982.041862361935
567.485352	261.875224352993	2105.946289	929.933844093857
566.255859	321.384416174396	2105.036133	1169.11391182578
565.025391	117.777176438271	2104.125	1382.99034718175
563.795898	293.887630186273	2103.213867	1358.81551253771
562.56543	459.81520190027	2102.302734	1760.10161489368
561.334961	201.148132891123	2101.391602	1763.84280266662
560.103516	332.342542833763	2100.480469	2178.87695202258
558.873047	455.475997734013	2099.569336	2445.48434437855
557.641602	520.855717511389	2098.657227	2946.91457477553
556.40918	598.916752561509	2097.745117	3660.66413475554
555.177734	565.47067319837	2096.833008	4105.73987315252
553.945313	702.031184189169	2095.920898	4603.74822213253
552.712891	762.288522434512	2095.008789	5213.34544452951
551.479492	893.162420374722	2094.095703	6007.10631955053
550.24707	755.452748973996	2093.182617	6306.09278157156
549.013672	1178.44864157533	2092.270508	7216.63824596854
547.780273	1438.28566127369	2091.356445	7610.2024226136
546.545898	1464.81234200335	2090.443359	8173.92423463463
545.3125	1561.92217571295	2089.530273	8642.51616465565
544.078125	1620.09101220335	2088.616211	8683.91628471768
542.842773	1624.89178921382	2087.702148	9101.98632036275
541.608398	1871.64213139546	2086.788086	9062.37179242478
540.373047	1759.44459230219	2085.874023	9257.06194506985
539.137695	1922.17798591496	2084.959961	8916.25112713189
537.901367	2083.15871222311	2084.044922	9124.82173581797
536.665039	2137.17614974234	2083.130859	8694.96110746303
535.429688	2152.37001554541	2082.21582	8502.15573914911
534.192383	2198.89384461228	2081.300781	7997.33767583519
532.956055	2058.18464556209	2080.384766	8334.06022456228
531.71875	2014.82974223137	2079.469727	7690.19626224836
530.481445	2112.0437426788	2078.553711	7767.85044555848
529.243164	2106.62481576001	2077.637695	7491.86497986861
528.005859	1943.02346601002	2076.72168	7254.9566695957
526.767578	1858.19099321491	2075.805664	7071.01905490582
525.529297	1607.06141584528	2074.889648	6742.45155821594
524.290039	1689.974342982	2073.972656	6274.89830656708
523.050781	1697.15608950638	2073.055664	6308.20833591821
521.811523	1593.68370398799	2072.138672	6144.04863826935
520.572266	1445.46528601029	2071.22168	5637.95144162048
519.332031	1351.26478408899	2070.304688	5521.24096297162
518.092773	996.43330981681	2069.387695	5529.64571190578
516.851563	1030.8040321019	2068.469727	5310.17213429793
515.611328	860.107105945965	2067.551758	5165.79620727311
514.370117	934.522790632769	2066.633789	5318.69371724829
513.128906	834.782326971718	2065.71582	5077.16446922347
511.887695	682.190330815036	2064.796875	5024.53423123966
510.645508	532.2449348271	2063.878906	5194.01767921484
509.404297	187.835814645512	2062.959961	4844.39134823103
508.161133	455.808365430588	2062.041016	4994.40661824722
506.918945	381.475282915842	2061.12207	4988.98828884644
505.675781	139.484398610855	2060.203125	5019.63148886263
504.432617	343.273168899663	2059.283203	5133.45494250287
503.189453	356.798582003148	2058.363281	5086.4043731431
501.946289	262.20903314219	2057.443359	5047.68681178334
500.702148	100.59203060449	2056.523438	5324.96437384054
499.458008	29.7954288623569	2055.603516	5230.78392148077
498.212891	-46.5249571820041	2054.683594	5676.92378212101
496.96875	-46.4440245691203	2053.762695	5419.25952138529
495.723633	-8.89188634542006	2052.841797	5225.39604906653
494.477539	27.2099852083156	2051.920898	5654.64389733081
493.232422	-3.67406607482553	2051	5851.16616701206
491.986328	-85.0865678063256	2050.079102	5903.67183469331
490.740234	-16.4669637964453	2049.157227	5579.7776779986
489.494141	-102.738125535941	2048.236328	5654.44544926287
488.24707	-8.32927487238703	2047.314453	5706.94387056817
487	-146.449857703354	2046.391602	5615.59130291447
485.75293	12.5778848591053	2045.469727	5513.21667821976
484.505859	-120.225797556388	2044.547852	5488.29127152505
483.257813	-35.9803837944473	2043.625	5289.22287745438
482.009766	5.48326336844366	2042.702148	5032.19256938372
480.760742	-98.1078380560466	2041.779297	4830.52359473002
479.512695	-63.0178736854105	2040.856445	4725.61926265936
478.263672	-87.5399845053526	2039.933594	4800.28427300566
477.014648	-106.522572651997	2039.009766	4673.322896976
475.764648	-5.85230520823825	2038.085938	4460.82050594635
474.515625	22.3666298032367	2037.162109	4483.03099749973
473.265625	-52.5748470213075	2036.238281	4165.76884047008
472.014648	-61.5198884888232	2035.314453	4058.33480844042
470.764648	13.6179075627333	2034.389648	4199.22360803482
469.513672	-19.0121614305863	2033.46582	3796.68996600516
468.262695	68.7960847577051	2032.541016	3490.82486601652
467.010742	63.1650616551688	2031.616211	3532.47636161091
465.759766	-21.3702231964435	2030.69043	3370.11378124631
464.507813	-121.368599120068	2029.765625	3213.3307058407
463.254883	-55.3529807501746	2028.839844	3029.04429747611
462.00293	-65.4889822570967	2027.915039	3018.3979410705
460.75	7.28532505178373	2026.989258	2952.6574307059
459.49707	-140.077260886057	2026.0625	2914.47217496535
458.243164	-147.072894349863	2025.136719	2823.99240660075
456.990234	-21.7090941033566	2024.209961	2725.27980686019
455.736328	-24.1380759549265	2023.28418	2722.9396874956
454.481445	146.873330326942	2022.357422	2706.83255675504
453.227539	-2.66723401905256	2021.430664	2346.83089401449
451.972656	-206.398366852032	2020.50293	2407.80929731495
450.717773	-92.5688610100606	2019.576172	2477.01759557439
449.461914	-57.6212294166344	2018.648438	2312.47744387485
448.207031	119.745297262347	2017.720703	2137.00369175835
446.951172	-47.9847020780326	2016.792969	1950.6012360588
445.695313	-89.7263656649948	2015.865234	2198.4438899423
444.438477	43.0430130705527	2014.9375	2179.68791824275
443.181641	-76.0389970950191	2014.008789	2056.55067616726
441.924805	-81.748784219757	2013.080078	2197.10484109176
440.667969	-114.225041361706	2012.151367	1997.12482601626
439.410156	-43.7761733387033	2011.222656	2019.58426494076
438.152344	-89.5464239569174	2010.293945	2080.45874186526
436.894531	-140.02567722549	2009.364258	1910.78984683078
435.635742	-79.6212803466306	2008.43457	1905.80258637933
434.376953	91.6750551625546	2007.504883	2043.45498034484
433.118164	51.8122067575541	2006.575195	2134.42670389339
431.859375	7.58133589385943	2005.645508	1668.7343708589
430.599609	-156.326847270369	2004.714844	2006.46252744846
429.339844	195.857994397155	2003.785156	1902.77507099701
428.080078	-41.1010801191878	2002.854492	1681.28154758656
426.819336	13.4296470223117	2001.923828	1654.40228117612
425.55957	3.30988595898271	2000.993164	1780.93024176568
424.297852	-63.2238883827367	2000.061523	1559.57790997928
423.037109	84.8869210402372	1999.130859	1661.42520656884
421.775391	103.937958401815	1998.199219	1377.21057519941
420.513672	12.2804433494466	1997.267578	1539.25961041301
419.251953	-84.9324670342194	1996.335938	1435.79107404358
417.990234	111.26216519815	1995.40332	1428.11704288123
416.727539	53.2966630078318	1994.47168	1187.9297555118
415.464844	-135.518368557402	1993.539063	1330.72545776641
414.201172	-75.5753303617339	1992.606445	1175.40787160406
412.9375	146.133437230463	1991.673828	1290.80513585868
411.673828	14.8937739624917	1990.741211	1206.61841511329
410.410156	120.02179757765	1989.807617	1160.71546499195
409.146484	116.414188819239	1988.874023	1325.21388187061
407.881836	40.4216005094449	1987.941406	1112.66974012522
406.617188	206.57438567592	1987.007813	1170.59003742085
405.351563	128.904991747252	1986.073242	1141.09683392355
404.085938	212.605497625897	1985.139648	1207.17435180221
402.820313	195.612976662073	1984.205078	953.852540721879
401.554688	98.1086412059986	1983.270508	1126.36178464155
400.289063	163.799583607894	1982.335938	1236.04436756122
399.022461	316.044979801579	1981.401367	1083.79335106392
397.755859	240.717137126982	1980.466797	1087.06480198359
396.488281	270.020752496344	1979.53125	975.795803527306
395.220703	379.702598589942	1978.59668	995.439324446977
393.953125	392.651268940227	1977.661133	952.372473990691
392.685547	383.316394079665	1976.724609	822.104042158451
391.416992	373.810326225823	1975.789063	833.57772611913
390.149414	366.096426165609	1974.853516	760.593395662844
388.879883	520.95855508234	1973.916992	742.102306830604
387.611328	492.611101614467	1972.980469	851.60390141533
386.341797	273.123919246087	1972.043945	816.760762583088
385.072266	525.408678412056	1971.107422	667.601712167814
383.802734	520.179524069026	1970.169922	880.456411376585
382.532227	600.893102166335	1969.233398	758.548331544344
381.261719	366.012063564565	1968.295898	737.336136753114
379.991211	550.193344569039	1967.358398	724.288980961885
378.720703	601.388808152356	1966.419922	591.585171211666
377.449219	547.744456002544	1965.482422	613.911550420436
376.177734	670.053771216742	1964.543945	418.75509825325
374.905273	629.330443484015	1963.606445	549.812434462019
373.633789	453.708136017244	1962.667969	607.443097711802
372.361328	564.112018512402	1961.729492	540.080102544616
371.088867	539.553007810214	1960.790039	407.546781418442
369.81543	432.173525957612	1959.851563	481.456741668224
368.541992	239.994684270469	1958.912109	405.998609125084
367.268555	275.39928728669	1957.972656	425.577104998908
365.995117	362.042605246648	1957.033203	247.021322872735
364.720703	211.656351724055	1956.09375	255.763880746561
363.446289	126.511373203342	1955.15332	191.244310244431
362.171875	386.606620465263	1954.212891	213.544570159267
360.896484	159.647737204816	1953.273438	132.788104033094
359.621094	135.801480133655	1952.332031	95.4297451550092
358.345703	96.9905507665844	1951.391602	77.0649660698464
357.070313	97.1596350551963	1950.451172	210.479965567717
355.793945	100.275855222611	1949.509766	97.2475881065984
354.517578	48.3740451893245	1948.568359	138.481514228515
353.241211	65.2972468191247	1947.626953	176.741348876223
351.963867	-86.6765698072677	1946.685547	194.5849576001
350.686523	-64.0600295050326	1945.744141	9.35092932397765
349.40918	3.25403359474422	1944.801758	113.84155196699
348.131836	21.4114901694247	1943.859375	47.7784636100023
346.853516	40.2805189819401	1942.916992	149.511274253015
345.575195	19.945481832352	1941.974609	15.8285568960264
344.296875	-37.6039453321446	1941.032227	-60.9991770043789
343.017578	-116.439269852322	1940.088867	13.6448065577679
341.738281	34.6024272232753	1939.146484	74.740898200781
340.458984	150.274885209504	1938.203125	187.17199421951
339.178711	-66.3306967059234	1937.258789	-49.102922842626
337.898438	14.5083742837196	1936.31543	28.176806176104
336.618164	4.47332475491021	1935.37207	102.722645738251
335.337891	61.3120906953036	1934.427734	96.2001706761157
334.056641	-109.281592601034	1933.483398	-96.6645903860199
332.775391	-27.0902924066595	1932.539063	26.456979008427
331.494141	-79.912522214393	1931.594727	52.3441709462914
330.211914	43.0541258782723	1930.649414	-135.005900196708
328.930664	143.107067900778	1929.705078	244.403752741156
327.647461	41.2188091639309	1928.759766	59.7851300547373
326.365234	77.4778650802364	1927.814453	101.822265911736
325.082031	134.425234724966	1926.869141	-34.1537797746814
323.798828	160.334697804567	1925.922852	110.341896458036
322.515625	163.113134318837	1924.977539	-4.01745268496507
321.231445	416.805368269374	1924.03125	-34.7815424522478
319.947266	345.30329853681	1923.084961	44.9499727804696
318.663086	490.774376482701	1922.138672	121.954926013185
317.378906	299.211290191335	1921.191406	-27.3447668349627
316.09375	336.345746737779	1920.245117	55.0273733977538
314.808594	484.917232860989	1919.297852	-70.340461682812
313.522461	526.576685600738	1918.350586	-31.9526861038803
312.237305	469.292946603735	1917.40332	-68.9447925249479
310.951172	424.07462927521	1916.455078	58.2248343157317
309.664063	650.530650319895	1915.507813	85.7976722816902
308.37793	320.03224681959	1914.55957	137.563974735343
307.09082	599.906725663432	1913.611328	-1.64042242397682
305.803711	637.883142544379	1912.663086	-164.991791583297
304.515625	744.987170647119	1911.714844	21.2066432573838
303.228516	529.083433935917	1910.765625	-80.2710820272159
301.94043	714.839176072535	1909.817383	30.5889738134647
300.651367	621.082706338728	1908.868164	93.0384945288652
299.363281	716.926838463611	1907.918945	-123.906027755734
298.074219	849.822288623677	1906.96875	40.5992692214159
296.785156	766.530002194124	1906.019531	-87.6421290631834
295.495117	876.438317697066	1905.069336	157.326058913965
294.205078	823.514816186007	1904.119141	96.208308891115
292.915039	839.056970919173	1903.168945	5.59446148123698
291.625	1023.7362791548	1902.21875	84.0450704583864
290.333984	1092.86234120506	1901.268555	12.2432384355361
289.042969	987.210294186052	1900.317383	77.2452262874058
287.751953	1107.70731333088	1899.366211	268.247214139276
286.459961	944.745547892199	1898.415039	3.41814699114639
285.167969	944.56192679455	1897.463867	188.994841843017
283.875977	955.029804846334	1896.512695	87.7536646948866
282.583984	916.887747116262	1895.560547	93.7196318085062
281.291016	1066.78282653175	1894.608398	-149.444286464903
279.998047	1035.76275586027	1893.65625	-207.714648351284
278.704102	886.952739739673	1892.704102	-18.9438486304616
277.411133	856.963074529085	1891.751953	-1.74631385217526
276.117188	941.652080475533	1890.798828	15.4364195452699
274.822266	770.452649724723	1889.84668	155.716478982758
273.52832	924.647088527787	1888.893555	65.8328063802037
272.233398	744.124276060926	1887.94043	40.183508777649
270.938477	739.045917506137	1886.986328	-121.86389686495
269.642578	517.448572376476	1886.033203	176.081532532495
268.347656	679.759086500682	1885.079102	-42.0767064509018
267.051758	483.765101465944	1884.125	-48.9893460934982
265.754883	492.266341361048	1883.170898	34.959343263904
264.458984	563.530616774646	1882.216797	3.9822562805075
263.162109	180.212970058978	1881.261719	23.7642892570693
261.865234	185.972241361967	1880.307617	43.5415916144712
260.567383	381.920184307192	1879.352539	127.389541591033
259.269531	321.84280684234	1878.397461	53.6871995675947
257.97168	92.2874893031713	1877.441406	-196.162273495888
256.673828	196.125997503319	1876.486328	-5.57701751932564
255.375	-22.7296420574785	1875.530273	-111.240455582807
254.076172	11.6418072757133	1874.574219	60.5677920129128
252.777344	22.7799995034457	1873.618164	85.6157799494313
251.477539	-87.0057904390906	1872.662109	219.979685885951
250.177734	73.3184905686758	1871.706055	61.0247494816713
248.87793	-74.6018941760194	1870.749023	211.322580378146
247.577148	-110.481526999714	1869.791992	-62.1715760661764
246.276367	-49.5999547619085	1868.834961	90.7502824895019
244.975586	-46.4875937236047	1867.87793	118.40505204518
243.674805	10.9865669456703	1866.920898	63.4812019416559
242.373047	85.897658176782	1865.962891	-44.6854698835095
241.071289	-42.674094091577	1865.004883	53.7510869904536
239.769531	89.9451862646274	1864.046875	55.5480231988613
238.466797	-45.3202094269782	1863.088867	163.790759407269
237.164063	30.8818671851223	1862.130859	210.790332615678
235.861328	143.219628814901	1861.171875	-56.1428180491557
234.558594	120.429799944654	1860.212891	142.468954286011
233.254883	149.321091723676	1859.253906	136.244780008601
231.951172	70.4735538912446	1858.294922	98.116317343769
230.646484	90.1123544229195	1857.335938	269.987854678935
229.341797	96.2155607250898	1856.375977	157.422267528284
228.037109	-48.0856186952933	1855.416016	103.352773377634
226.732422	-160.112403752495	1854.456055	-141.965743773016
225.426758	-180.399809782031	1853.496094	-28.6353349236651
224.12207	19.0560969138769	1852.536133	172.276127925684
222.81543	-198.074799606484	1851.575195	65.1279072892157
221.509766	-63.1936311579903	1850.615234	-89.752621861433
220.203125	-212.585897075416	1849.654297	111.033736114674
218.896484	-183.115536389923	1848.693359	96.8176444782075
217.588867	-304.265037569505	1847.731445	87.9022279684978
216.282227	-417.475467111313	1846.770508	-24.4442270553936
214.974609	13.8288696753898	1845.808594	-54.5525135651024
213.666016	-209.34484207961	1844.84668	-100.559238074811
212.358398	73.6321159673662	1843.884766	-61.7300255845212
211.049805	-53.157590433224	1842.922852	149.34039890577
209.741211	28.5655293926757	1841.959961	-7.98089208975489
208.431641	-51.0796012631254	1840.998047	-59.2722845994631
207.12207	90.0917847689834	1840.035156	152.410908679819
205.8125	25.9009087322338	1839.072266	22.7011405372814
204.50293	-40.7109407658118	1838.108398	104.83411278077
		1837.145508	157.821609638232
		1836.181641	89.041502405863
		1835.217773	-6.17318235064886
		1834.253906	20.3347964169807
		1833.290039	94.4375011846141
		1832.325195	7.19642986241434
		1831.361328	118.279603630047
		1830.396484	221.379352307848
		1829.431641	57.5157295097934
		1828.466797	136.800537187595
		1827.500977	-37.5596947002896
		1826.535156	65.47069188768
		1825.570313	221.276502089627
		1824.604492	65.4758336775958
		1823.637695	31.1492666998802
		1822.671875	-13.7158481880033
		1821.705078	-124.536067165719
		1820.738281	-3.17025114343505
		1819.771484	33.7448808788504
		1818.804688	-11.1031645747216
		1817.837891	276.253862447564
		1816.870117	62.6650623800169
		1815.902344	84.9605411192424
		1814.93457	-112.624967041589
		1813.966797	48.1323069651444
		1812.999023	179.849044804313
		1812.030273	190.370312101949
		1811.061523	106.104469399585
		1810.092773	69.2478076972193
		1809.124023	171.882355994854
		1808.155273	32.4036222924897
		1807.185547	253.366137048588
		1806.21582	166.513213637127
		1805.246094	187.503072393229
		1804.276367	169.045655981765
		1803.305664	29.6691360287659
		1802.335938	-183.231142215132
		1801.365234	58.4963326643083
		1800.394531	68.9508667113114
		1799.423828	-41.4197932416864
		1798.452148	102.954495096221
		1797.481445	-23.1388218567772
		1796.509766	173.66418764869
		1795.538086	60.7113279865971
		1794.566406	60.6246793245009
		1793.594727	50.0399928299703
		1792.62207	-133.655221541221
		1791.649414	-47.1902707448498
		1790.676758	238.485617051521
		1789.704102	5.04822384789259
		1788.731445	28.5248844766993
		1787.757813	109.622488731537
		1786.78418	-11.026009181187
		1785.810547	83.134086906086
		1784.836914	-87.2224190066427
		1783.863281	33.427777113322
		1782.888672	174.955695448149
		1781.914063	4.9982617829719
		1780.939453	-28.8420007583736
		1779.964844	138.752323576453
		1778.990234	-224.657274964891
		1778.014648	-117.264985648657
		1777.039063	89.4241965437468
		1776.063477	-156.171795140019
		1775.087891	47.8142441762175
		1774.112305	-176.787606507543
		1773.135742	47.9895617901002
		1772.15918	58.5050289639203
		1771.182617	-58.9404587384361
		1770.206055	9.0134854353837
		1769.229492	-61.4066112669716
		1768.251953	45.635335888257
		1767.274414	-142.205528956514
		1766.296875	-61.2905348012846
		1765.319336	-56.0503446460571
		1764.341797	61.3060565091746
		1763.363281	105.595187645809
		1762.384766	-105.57953134138
		1761.40625	-23.4671407396127
		1760.427734	-114.758873673743
		1759.449219	7.59002302359841
		1758.469727	80.4011917753105
		1757.490234	-91.5874481044448
		1756.510742	-39.6170993527303
		1755.53125	142.473366398983
		1754.551758	-8.61097284930293
		1753.571289	-3.53089104321589
		1752.59082	-99.9049102371301
		1751.610352	-76.6070517995741
		1750.629883	237.908577006516
		1749.649414	37.5482288126004
		1748.667969	-113.351795695467
		1747.686523	-14.7186208350086
		1746.705078	89.0688536569214
		1745.723633	-25.3887888511472
		1744.742188	93.937748640783
		1743.759766	-116.556643812915
		1742.777344	96.1921267333892
		1741.794922	15.5551552796915
		1740.8125	-33.9099411740026
		1739.830078	82.6903923723003
		1738.84668	92.8858136044473
		1737.863281	40.8312322051224
		1736.879883	128.81571643727
		1735.896484	-26.9253889620522
		1734.912109	-78.933710675532
		1733.928711	275.927726556614
		1732.944336	115.577562912131
		1731.959961	29.9264322971903
		1730.975586	37.5409256822532
		1729.990234	-86.9112106556004
		1729.004883	-35.2783797665088
		1728.020508	-89.7830263814485
		1727.035156	-136.510553719303
		1726.048828	8.22556844687461
		1725.063477	-4.88281266403647
		1724.077148	72.5222482751979
		1723.09082	10.2671594413732
		1722.104492	185.866562607551
		1721.118164	22.8077627737275
		1720.130859	136.304402216991
		1719.144531	-65.4389676168339
		1718.157227	120.349670053372
		1717.169922	189.845333496636
		1716.181641	145.695270443926
		1715.194336	57.6811678871927
		1714.206055	-74.1837391655154
		1713.217773	-4.72247944516494
		1712.229492	-4.95066749787475
		1711.241211	-43.8722145505799
		1710.251953	46.156209673798
		1709.263672	-121.685259378908
		1708.274414	55.9652338454707
		1707.285156	47.9711970698481
		1706.294922	70.8949107982571
		1705.305664	178.829584022637
		1704.31543	147.619508751046
		1703.325195	103.542239252511
		1702.334961	95.5264999809188
		1701.34375	172.454871986414
		1700.353516	123.242842714823
