	0		3		6		9		15		18		21		24		30		36		42		51		60
	0		3		6		9		15		18		21		24		30		36		42		51		60
0	0.74444725	0	1.590926	0	1.7868056	0	1.2850409	0	1.6915061	0	1.8928031	0	1.7655061	0	1.6456646	0	1.5115642	0	1.2984318	0	1.2634739	0	1.8148463	0	1.5322967
0.030679616	0.72584006	0.030679616	1.5599144	0.030679616	1.7531154	0.030679616	1.2566588	0.030679616	1.6584248	0.030679616	1.8599437	0.030679616	1.733148	0.030679616	1.6133594	0.030679616	1.480489	0.030679616	1.2686831	0.030679616	1.2334647	0.030679616	1.7777281	0.030679616	1.5022758
0.061359232	0.6708969	0.061359232	1.4696517	0.061359232	1.6552051	0.061359232	1.1736161	0.061359232	1.5620746	0.061359232	1.7647894	0.061359232	1.6392027	0.061359232	1.5192995	0.061359232	1.3898687	0.061359232	1.1815485	0.061359232	1.1453937	0.061359232	1.6694725	0.061359232	1.4151564
0.092038847	0.58221409	0.092038847	1.3289057	0.092038847	1.5030652	0.092038847	1.0425524	0.092038847	1.411603	0.092038847	1.6181157	0.092038847	1.4935432	0.092038847	1.3725171	0.092038847	1.2479483	0.092038847	1.0436642	0.092038847	1.0053736	0.092038847	1.4998975	0.092038847	1.2802605
0.12271846	0.46399037	0.12271846	1.1541729	0.12271846	1.3154165	0.12271846	0.87606549	0.12271846	1.2242177	0.12271846	1.4398048	0.12271846	1.3145641	0.12271846	1.1900231	0.12271846	1.070343	0.12271846	0.86755678	0.12271846	0.82482764	0.12271846	1.2876366	0.12271846	1.115134
0.15339808	0.32184009	0.15339808	0.9738905	0.15339808	1.1240217	0.15339808	0.69716037	0.15339808	1.0296628	0.15339808	1.2622079	0.15339808	1.1330196	0.15339808	1.0012494	0.15339808	0.88466217	0.15339808	0.67624602	0.15339808	0.62481432	0.15339808	1.0657195	0.15339808	0.94971561
0.18407769	0.16254357	0.18407769	0.83525987	0.18407769	0.97959323	0.18407769	0.55121154	0.18407769	0.87787544	0.18407769	1.1328173	0.18407769	0.99665804	0.18407769	0.85548937	0.18407769	0.73964007	0.18407769	0.51742351	0.18407769	0.45228372	0.18407769	0.89254946	0.18407769	0.83152557
0.21475731	0.0064280644	0.21475731	0.79912068	0.21475731	0.94384537	0.21475731	0.51433501	0.21475731	0.83495408	0.21475731	1.1033873	0.21475731	0.96176227	0.21475731	0.81713485	0.21475731	0.70341748	0.21475731	0.47868421	0.21475731	0.40957297	0.21475731	0.84989088	0.21475731	0.81507839
0.24543693	0.17643693	0.24543693	0.89135474	0.24543693	1.0418212	0.24543693	0.62070194	0.24543693	0.9309953	0.24543693	1.1934061	0.24543693	1.0514077	0.24543693	0.91384189	0.24543693	0.80461276	0.24543693	0.5984383	0.24543693	0.54491474	0.24543693	0.97257629	0.24543693	0.91501664
0.27611654	0.33964327	0.27611654	1.071276	0.27611654	1.2333162	0.27611654	0.8078225	0.27611654	1.1226805	0.27611654	1.3709936	0.27611654	1.2303935	0.27611654	1.1022157	0.27611654	0.99354114	0.27611654	0.79913905	0.27611654	0.75965476	0.27611654	1.2018017	0.27611654	1.0892516
0.30679616	0.48782896	0.30679616	1.2811633	0.30679616	1.4587622	0.30679616	1.0119695	0.30679616	1.3473078	0.30679616	1.5844208	0.30679616	1.4437302	0.30679616	1.3213637	0.30679616	1.2079368	0.30679616	1.0119609	0.30679616	0.98137093	0.30679616	1.4631714	0.30679616	1.2851452
0.33747577	0.61352728	0.33747577	1.479866	0.33747577	1.673424	0.33747577	1.1981729	0.33747577	1.5604922	0.33747577	1.7906239	0.33747577	1.6484164	0.33747577	1.5283798	0.33747577	1.407396	0.33747577	1.2022893	0.33747577	1.1779383	0.33747577	1.7081686	0.33747577	1.4650531
0.36815539	0.71022895	0.36815539	1.6413136	0.36815539	1.8480798	0.36815539	1.3463571	0.36815539	1.7343323	0.36815539	1.9596531	0.36815539	1.8157866	0.36815539	1.6962416	0.36815539	1.5673508	0.36815539	1.3506304	0.36815539	1.3314774	0.36815539	1.9071298	0.36815539	1.6046824
0.398835	0.7726942	0.398835	1.7487238	0.398835	1.9637346	0.398835	1.4436656	0.398835	1.8509118	0.398835	2.0716202	0.398835	1.9271113	0.398835	1.807577	0.398835	1.6721115	0.398835	1.4445024	0.398835	1.4302841	0.398835	2.0408956	0.398835	1.688462
0.42951462	0.79721422	0.42951462	1.7916248	0.42951462	2.0086049	0.42951462	1.4818996	0.42951462	1.8990229	0.42951462	2.1142481	0.42951462	1.9707752	0.42951462	1.8515544	0.42951462	1.711883	0.42951462	1.4760287	0.42951462	1.4667733	0.42951462	2.0971673	0.42951462	1.7071821
0.46019424	0.78181081	0.46019424	1.7647018	0.46019424	1.9769698	0.46019424	1.4567494	0.46019424	1.8729219	0.46019424	2.0818088	0.46019424	1.9411071	0.46019424	1.8227186	0.46019424	1.6817333	0.46019424	1.4412871	0.46019424	1.4369768	0.46019424	2.0691618	0.46019424	1.657185
0.49087385	0.72636856	0.49087385	1.6674959	0.49087385	1.8690581	0.49087385	1.367635	0.49087385	1.772028	0.49087385	1.9750509	0.49087385	1.838167	0.49087385	1.7207422	0.49087385	1.5813822	0.49087385	1.3402159	0.49087385	1.3404513	0.49087385	1.9551564	0.49087385	1.5404408
0.52155347	0.63270693	0.52155347	1.5046365	0.52155347	1.6917999	0.52155347	1.2178327	0.52155347	1.6012244	0.52155347	1.8020534	0.52155347	1.6682941	0.52155347	1.5507965	0.52155347	1.4155029	0.52155347	1.1768045	0.52155347	1.1803004	0.52155347	1.7583989	0.52155347	1.3655159
0.55223308	0.50464376	0.55223308	1.2868868	0.55223308	1.4611025	0.55223308	1.0150466	0.55223308	1.3720942	0.55223308	1.5806333	0.55223308	1.4459099	0.55223308	1.3249409	0.55223308	1.1948963	0.55223308	0.95984436	0.55223308	0.96333206	0.55223308	1.4873609	0.55223308	1.150422
0.5829127	0.34834853	0.5829127	1.0344776	0.5829127	1.2079249	0.5829127	0.77358785	0.5829127	1.1067703	0.5829127	1.3440111	0.5829127	1.1983918	0.5829127	1.0663868	0.5829127	0.94038076	0.5829127	0.70597463	0.5829127	0.70093122	0.5829127	1.1570409	0.5829127	0.93039288
0.61359232	0.17589039	0.61359232	0.78786382	0.61359232	0.99252287	0.61359232	0.5243119	0.61359232	0.85001936	0.61359232	1.1511387	0.61359232	0.97786649	0.61359232	0.82257256	0.61359232	0.69644496	0.61359232	0.45528238	0.61359232	0.41497846	0.61359232	0.79527188	0.61359232	0.77419397
0.64427193	0.090824759	0.64427193	0.63463211	0.64427193	0.91539624	0.64427193	0.36325172	0.64427193	0.69732245	0.64427193	1.0870511	0.64427193	0.87407941	0.64427193	0.69202665	0.64427193	0.56709558	0.64427193	0.34623332	0.64427193	0.20605059	0.64427193	0.48088302	0.64427193	0.77676021
0.67495155	0.26011311	0.67495155	0.68774297	0.67495155	1.0455273	0.67495155	0.46077692	0.67495155	0.76472075	0.67495155	1.2047247	0.67495155	0.96285747	0.67495155	0.77921765	0.67495155	0.66890304	0.67495155	0.52358798	0.67495155	0.37654442	0.67495155	0.47330729	0.67495155	0.95349352
0.70563116	0.4587399	0.70563116	0.91520137	0.70563116	1.3264044	0.70563116	0.72074863	0.70563116	1.0148412	0.70563116	1.4631029	0.70563116	1.2051516	0.70563116	1.0337728	0.70563116	0.9303669	0.70563116	0.81529526	0.70563116	0.68447121	0.70563116	0.7953624	0.70563116	1.2213047
0.73631078	0.65180928	0.73631078	1.2034375	0.73631078	1.6649441	0.73631078	1.0072306	0.73631078	1.3307971	0.73631078	1.7836302	0.73631078	1.5103267	0.73631078	1.3453381	0.73631078	1.2349076	0.73631078	1.1139689	0.73631078	0.98853069	0.73631078	1.1852999	0.73631078	1.5063699
0.76699039	0.83021972	0.76699039	1.4859323	0.76699039	1.9998111	0.76699039	1.2729624	0.76699039	1.6433759	0.76699039	2.106444	0.76699039	1.8151937	0.76699039	1.6500155	0.76699039	1.525237	0.76699039	1.3831891	0.76699039	1.2587354	0.76699039	1.5560563	0.76699039	1.7649703
0.79767001	0.98898901	0.79767001	1.7280061	0.79767001	2.2933985	0.79767001	1.4945811	0.79767001	1.9157882	0.79767001	2.3922339	0.79767001	2.0816884	0.79767001	1.9129062	0.79767001	1.7711352	0.79767001	1.6021694	0.79767001	1.4771006	0.79767001	1.874356	0.79767001	1.9693047
0.82834963	1.1268772	0.82834963	1.907784	0.82834963	2.5200287	0.82834963	1.6558509	0.82834963	2.1245622	0.82834963	2.6139924	0.82834963	2.2846438	0.82834963	2.111278	0.82834963	1.9525553	0.82834963	1.7555901	0.82834963	1.6294098	0.82834963	2.1194716	0.82834963	2.0998658
0.85902924	1.2473626	0.85902924	2.0099538	0.85902924	2.6610377	0.85902924	1.7444408	0.85902924	2.2530904	0.85902924	2.7524744	0.85902924	2.4063099	0.85902924	2.2289129	0.85902924	2.0549322	0.85902924	1.8317892	0.85902924	1.7043561	0.85902924	2.2768706	0.85902924	2.142877
0.88970886	1.3596757	0.88970886	2.0239808	0.88970886	2.7031189	0.88970886	1.751343	0.88970886	2.2897245	0.88970886	2.794421	0.88970886	2.4344453	0.88970886	2.2544488	0.88970886	2.0679683	0.88970886	1.8225959	0.88970886	1.6936647	0.88970886	2.3375116	0.88970886	2.0897358
0.92038847	1.4790633	0.92038847	1.943683	0.92038847	2.6378943	0.92038847	1.6708966	0.92038847	2.2272723	0.92038847	2.7320552	0.92038847	2.3617876	0.92038847	2.1809826	0.92038847	1.9853938	0.92038847	1.7235843	0.92038847	1.5923568	0.92038847	2.2986398	0.92038847	1.9374065
0.95106809	1.6251637	0.95106809	1.7672665	0.95106809	2.4619674	0.95106809	1.5009388	0.95106809	2.0629192	0.95106809	2.5632039	0.95106809	2.1860929	0.95106809	2.0060913	0.95106809	1.8049892	0.95106809	1.5345597	0.95106809	1.3989711	0.95106809	2.1657225	0.95106809	1.6898959
0.9817477	1.8178436	0.9817477	1.497679	0.9817477	2.1773027	0.9817477	1.2429909	0.9817477	1.7982823	0.9817477	2.2920062	0.9817477	1.9106341	0.9817477	1.7320891	0.9817477	1.528668	0.9817477	1.2606619	0.9817477	1.1157064	0.9817477	1.9565575	0.9817477	1.3628613
1.0124273	2.071814	1.0124273	1.1439369	1.0124273	1.7923588	1.0124273	0.90269336	1.0124273	1.4396433	1.0124273	1.930981	1.0124273	1.5458604	1.0124273	1.3668861	1.0124273	1.1626964	1.0124273	0.91641051	1.0124273	0.74858646	1.0124273	1.7103987	1.0124273	1.0012645
1.0431069	2.3930393	1.0431069	0.7283136	1.0431069	1.3264071	1.0431069	0.49282818	1.0431069	0.99921384	1.0431069	1.5077887	1.0431069	1.1161387	1.0431069	0.92808559	1.0431069	0.71915373	1.0431069	0.55007367	1.0431069	0.30932377	1.0431069	1.5054946	1.0431069	0.75138697
1.0737866	2.7786525	1.0737866	0.35947652	1.0737866	0.83300451	1.0737866	0.14135748	1.0737866	0.5062784	1.0737866	1.0911945	1.0737866	0.69764039	1.0737866	0.47697124	1.0737866	0.24099515	1.0737866	0.42019752	1.0737866	0.21437676	1.0737866	1.4666772	1.0737866	0.8987501
1.1044662	3.2192193	1.1044662	0.55010706	1.1044662	0.56260619	1.1044662	0.56539269	1.1044662	0.2717927	1.1044662	0.87577416	1.1044662	0.60031231	1.1044662	0.44202187	1.1044662	0.42159814	1.1044662	0.795859	1.1044662	0.76168566	1.1044662	1.6878872	1.1044662	1.3950457
1.1351458	3.7013092	1.1351458	1.0923974	1.1351458	0.93331258	1.1351458	1.1271681	1.1351458	0.7912096	1.1351458	1.1086572	1.1351458	1.0277334	1.1351458	0.96838483	1.1351458	1.0123035	1.1351458	1.3373603	1.1351458	1.3462475	1.1351458	2.1339859	1.1351458	2.0264604
1.1658254	4.2093732	1.1658254	1.6920148	1.1658254	1.5830233	1.1658254	1.7125139	1.1658254	1.4160147	1.1658254	1.6454881	1.1658254	1.634902	1.1658254	1.594234	1.1658254	1.6328594	1.1658254	1.9178856	1.1658254	1.9438916	1.1658254	2.7103788	1.1658254	2.7019128
1.196505	4.7269102	1.196505	2.2968425	1.196505	2.2904612	1.196505	2.2983471	1.196505	2.0496714	1.196505	2.2828518	1.196505	2.2796143	1.196505	2.2334024	1.196505	2.2518439	1.196505	2.4992382	1.196505	2.5344372	1.196505	3.3418108	1.196505	3.3777826
1.2271846	5.2372076	1.2271846	2.8799619	1.2271846	2.9967637	1.2271846	2.864668	1.2271846	2.6637213	1.2271846	2.9356405	1.2271846	2.9144748	1.2271846	2.8542315	1.2271846	2.8468188	1.2271846	3.0563648	1.2271846	3.0978147	1.2271846	3.9768696	1.2271846	4.0234929
1.2578642	5.7238826	1.2578642	3.4192556	1.2578642	3.6696382	1.2578642	3.392351	1.2578642	3.2355057	1.2578642	3.5610345	1.2578642	3.5101705	1.2578642	3.4326934	1.2578642	3.3970197	1.2578642	3.5678518	1.2578642	3.6144727	1.2578642	4.5775983	1.2578642	4.613504
1.2885439	6.1713444	1.2885439	3.8950433	1.2885439	4.2837665	1.2885439	3.8633602	1.2885439	3.7446721	1.2885439	4.1296772	1.2885439	4.0431159	1.2885439	3.9476881	1.2885439	3.8832054	1.2885439	4.0144876	1.2885439	4.0660055	1.2885439	5.1136121	1.2885439	5.1254862
1.3192235	6.5652201	1.3192235	4.2900109	1.3192235	4.817526	1.3192235	4.2612559	1.3192235	4.1731052	1.3192235	4.6184296	1.3192235	4.4931617	1.3192235	4.3805822	1.3192235	4.2881489	1.3192235	4.379281	1.3192235	4.4357788	1.3192235	5.5597527	1.3192235	5.5400939
1.3499031	6.8927521	1.3499031	4.5895842	1.3499031	5.2525515	1.3499031	4.5717247	1.3499031	4.5053371	1.3499031	5.0085263	1.3499031	4.8433044	1.3499031	4.7154891	1.3499031	4.5972037	1.3499031	4.6478096	1.3499031	4.7095097	1.3499031	5.8953525	1.3499031	5.8411881
1.3805827	7.1431588	1.3805827	4.7823827	1.3805827	5.573945	1.3805827	4.7830709	1.3805827	4.7290126	1.3805827	5.2852141	1.3805827	5.0798754	1.3805827	4.9396843	1.3805827	4.7988416	1.3805827	4.8086253	1.3805827	4.8757798	1.3805827	6.1041557	1.3805827	6.0161507
1.4112623	7.3079436	1.4112623	4.860667	1.4112623	5.7706256	1.4112623	4.8866546	1.4112623	4.8353171	1.4112623	5.4378271	1.4112623	5.1928219	1.4112623	5.0440122	1.4112623	4.8851455	1.4112623	4.8536392	1.4112623	4.9264844	1.4112623	6.1744786	1.4112623	6.056164
1.4419419	7.3811408	1.4419419	4.8207831	1.4419419	5.8356821	1.4419419	4.8772903	1.4419419	4.819365	1.4419419	5.4599826	1.4419419	5.1759689	1.4419419	5.0232547	1.4419419	4.8522819	1.4419419	4.77848	1.4419419	4.8572356	1.4419419	6.099438	1.4419419	5.9564095
1.4726216	7.3594843	1.4726216	4.6636786	1.4726216	5.7667041	1.4726216	4.7536509	1.4726216	4.6805971	1.4726216	5.3498155	1.4726216	5.0272489	1.4726216	4.8764996	1.4726216	4.7010347	1.4726216	4.5828781	1.4726216	4.6677844	1.4726216	5.8771956	1.4726216	5.7161814
1.5033012	7.2424938	1.5033012	4.3956672	1.5033012	5.5661421	1.5033012	4.5187875	1.5033012	4.423325	1.5033012	5.1102906	1.5033012	4.7489546	1.5033012	4.6076202	1.5033012	4.4375802	1.5033012	4.2712181	1.5033012	4.3626066	1.5033012	5.5112647	1.5033012	5.3389527
1.5339808	7.0324711	1.5339808	4.0298462	1.5339808	5.2418339	1.5339808	4.1810081	1.5339808	4.0577342	1.5339808	4.7497611	1.5339808	4.3481844	1.5339808	4.2261418	1.5339808	4.0748988	1.5339808	3.8536174	1.5339808	3.9520043	1.5339808	5.0110682	1.5339808	4.8324973
1.5646604	6.7344076	1.5646604	3.5890643	1.5646604	4.8080074	1.5646604	3.7556725	1.5646604	3.6020967	1.5646604	4.2831956	1.5646604	3.8379161	1.5646604	3.749155	1.5646604	3.6357045	1.5646604	3.3484583	1.5646604	3.4546051	1.5646604	4.3932688	1.5646604	4.2093452
1.59534	6.3558046	1.59534	3.1123881	1.59534	4.2874443	1.59534	3.2692227	1.59534	3.0880566	1.59534	3.7351082	1.59534	3.239941	1.59534	3.2059704	1.59534	3.1587923	1.59534	2.7889593	1.59534	2.9036248	1.59534	3.6853574	1.59534	3.4883861
1.6260196	5.9064123	1.6260196	2.668286	1.6260196	3.7163292	1.6260196	2.7684705	1.6260196	2.5734336	1.6260196	3.1467832	1.6260196	2.5935454	1.6260196	2.6498634	1.6260196	2.7119485	1.6260196	2.2410129	1.6260196	2.3631009	1.6260196	2.9361366	1.6260196	2.7005044
1.6566993	5.3978978	1.6566993	2.3721069	1.6566993	3.1547936	1.6566993	2.3398216	1.6566993	2.1685675	1.6566993	2.5936076	1.6566993	1.982811	1.6566993	2.1850827	1.6566993	2.4093025	1.6566993	1.8443973	1.6566993	1.9633909	1.6566993	2.2477068	1.6566993	1.9109225
1.6873789	4.8434543	1.6873789	2.3669024	1.6873789	2.7054106	1.6873789	2.1279819	1.6873789	2.0495162	1.6873789	2.2157362	1.6873789	1.6068303	1.6873789	1.9942129	1.6873789	2.3941199	1.6873789	1.8229454	1.6873789	1.9110272	1.6873789	1.8493002	1.6873789	1.3172442
1.7180585	4.2573653	1.7180585	2.7120429	1.7180585	2.5188038	1.7180585	2.2743939	1.7180585	2.3373989	1.7180585	2.2033135	1.7180585	1.7510264	1.7180585	2.233109	1.7180585	2.7303454	1.7180585	2.2601452	1.7180585	2.3024132	1.7180585	2.0325117	1.7180585	1.3874981
1.7487381	3.6545435	1.7487381	3.3298531	1.7487381	2.7112287	1.7487381	2.7693521	1.7487381	2.9559091	1.7487381	2.6185648	1.7487381	2.379851	1.7487381	2.8379868	1.7487381	3.3442883	1.7487381	2.9953226	1.7487381	3.0034585	1.7487381	2.7245405	1.7487381	2.1144183
1.7794177	3.0500634	1.7794177	4.1087858	1.7794177	3.244829	1.7794177	3.489102	1.7794177	3.7618158	1.7794177	3.3291284	1.7794177	3.2445751	1.7794177	3.6475377	1.7794177	4.1241573	1.7794177	3.8739036	1.7794177	3.861201	1.7794177	3.6534964	1.7794177	3.0781287
1.8100973	2.4587184	1.8100973	4.9694324	1.8100973	3.9910129	1.8100973	4.3276366	1.8100973	4.6594217	1.8100973	4.1909663	1.8100973	4.2041106	1.8100973	4.5533199	1.8100973	4.9890122	1.8100973	4.8145222	1.8100973	4.7894064	1.8100973	4.6662818	1.8100973	4.1100198
1.8407769	1.8946491	1.8407769	5.8622311	1.8407769	4.8434742	1.8407769	5.2210509	1.8407769	5.594432	1.8407769	5.1183574	1.8407769	5.1951979	1.8407769	5.496009	1.8407769	5.8881176	1.8407769	5.7733667	1.8407769	5.7412661	1.8407769	5.6923816	1.8407769	5.1514682
1.8714566	1.3711647	1.8714566	6.7546493	1.8714566	5.7364001	1.8714566	6.130465	1.8714566	6.5333057	1.8714566	6.0627996	1.8714566	6.1834451	1.8714566	6.4401461	1.8714566	6.7882018	1.8714566	6.7225877	1.8714566	6.687638	1.8714566	6.6932358	1.8714566	6.1726421
1.9021362	0.90121056	1.9021362	7.6234142	1.9021362	6.6292155	1.9021362	7.0295829	1.9021362	7.4525859	1.9021362	6.9937054	1.9021362	7.1458325	1.9021362	7.3614996	1.9021362	7.6655126	1.9021362	7.6418149	1.9021362	7.6078163	1.9021362	7.6437751	1.9021362	7.1534424
1.9328158	0.50113237	1.9328158	8.4506645	1.9328158	7.4949373	1.9328158	7.8987371	1.9328158	8.3342033	1.9328158	7.8894119	1.9328158	8.0647538	1.9328158	8.2417333	1.9328158	8.5018426	1.9328158	8.5147996	1.9328158	8.485745	1.9328158	8.5260148	1.9328158	8.0782466
1.9634954	0.22450763	1.9634954	9.222052	1.9634954	8.3142229	1.9634954	8.7221484	1.9634954	9.1633488	1.9634954	8.7332426	1.9634954	8.925747	1.9634954	9.066071	1.9634954	9.2825553	1.9634954	9.3279683	1.9634954	9.3083364	1.9634954	9.3265595	1.9634954	8.9341056
1.994175	0.26310394	1.994175	9.9257563	1.994175	9.0724511	1.994175	9.4866124	1.994175	9.927441	1.994175	9.5116837	1.994175	9.7165154	1.994175	9.8221869	1.994175	9.9955535	1.994175	10.069738	1.994175	10.064638	1.994175	10.035458	1.994175	9.7100003
2.0248546	0.43231807	2.0248546	10.551941	2.0248546	9.7582145	2.0248546	10.180832	2.0248546	10.615595	2.0248546	10.213475	2.0248546	10.426462	2.0248546	10.499632	2.0248546	10.630705	2.0248546	10.730167	2.0248546	10.74537	2.0248546	10.645552	2.0248546	10.396488
2.0555343	0.55904327	2.0555343	11.092444	2.0555343	10.36248	2.0555343	10.795072	2.0555343	11.218348	2.0555343	10.829129	2.0555343	11.046461	2.0555343	11.089526	2.0555343	11.179511	2.0555343	11.300771	2.0555343	11.342647	2.0555343	11.152029	2.0555343	10.985526
2.0862139	0.62411266	2.0862139	11.540597	2.0862139	10.87809	2.0862139	11.320987	2.0862139	11.727537	2.0862139	11.350682	2.0862139	11.568752	2.0862139	11.584396	2.0862139	11.634917	2.0862139	11.774442	2.0862139	11.849811	2.0862139	11.552048	2.0862139	11.470403
2.1168935	0.62844184	2.1168935	11.891147	2.1168935	11.299453	2.1168935	11.751558	2.1168935	12.136284	2.1168935	11.771579	2.1168935	11.986929	2.1168935	11.978114	2.1168935	11.991228	2.1168935	12.145431	2.1168935	12.261341	2.1168935	11.844428	2.1168935	11.845739
2.1475731	0.57839732	2.1475731	12.140233	2.1475731	11.622363	2.1475731	12.08111	2.1475731	12.439041	2.1475731	12.086665	2.1475731	12.295979	2.1475731	12.265905	2.1475731	12.244089	2.1475731	12.409385	2.1475731	12.572827	2.1475731	12.029377	2.1475731	12.107545
2.1782527	0.48435821	2.1782527	12.285417	2.1782527	11.843915	2.1782527	12.305376	2.1782527	12.631705	2.1782527	12.292229	2.1782527	12.492372	2.1782527	12.44441	2.1782527	12.390529	2.1782527	12.563421	2.1782527	12.781006	2.1782527	12.108278	2.1782527	12.253325
2.2089323	0.36357879	2.2089323	12.325742	2.2089323	11.962481	2.2089323	12.421605	2.2089323	12.711754	2.2089323	12.386101	2.2089323	12.574176	2.2089323	12.511784	2.2089323	12.429042	2.2089323	12.606224	2.2089323	12.883836	2.2089323	12.083525	2.2089323	12.282202
2.239612	0.25585086	2.239612	12.261812	2.239612	11.977744	2.239612	12.428682	2.239612	12.678396	2.239612	12.367772	2.239612	12.54118	2.239612	12.467808	2.239612	12.359684	2.239612	12.538155	2.239612	12.880601	2.239612	11.958424	2.239612	12.195052
2.2702916	0.25569248	2.2702916	12.095864	2.2702916	11.890762	2.2702916	12.327255	2.2702916	12.53271	2.2702916	12.238511	2.2702916	12.39501	2.2702916	12.314005	2.2702916	12.184178	2.2702916	12.361352	2.2702916	12.772036	2.2702916	11.737148	2.2702916	11.994617
2.3009712	0.38723801	2.3009712	11.831825	2.3009712	11.704044	2.3009712	12.119839	2.3009712	12.277756	2.3009712	12.001457	2.3009712	12.139216	2.3009712	12.053725	2.3009712	11.905997	2.3009712	12.079805	2.3009712	12.560442	2.3009712	11.424737	2.3009712	11.685597
2.3316508	0.5670605	2.3316508	11.475335	2.3316508	11.421617	2.3316508	11.810892	2.3316508	11.918634	2.3316508	11.661681	2.3316508	11.779313	2.3316508	11.692207	2.3316508	11.530415	2.3316508	11.699394	2.3316508	12.249781	2.3316508	11.027128	2.3316508	11.27467
2.3623304	0.75326939	2.3623304	11.033715	2.3623304	11.049067	2.3623304	11.406839	2.3623304	11.462477	2.3623304	11.226183	2.3623304	11.322768	2.3623304	11.236567	2.3623304	11.064502	2.3623304	11.227875	2.3623304	11.845731	2.3623304	10.551203	2.3623304	10.770462
2.39301	0.92887517	2.39301	10.51589	2.39301	10.593536	2.39301	10.91604	2.39301	10.918381	2.39301	10.703824	2.39301	10.778916	2.39301	10.695733	2.39301	10.517057	2.39301	10.6748	2.39301	11.355687	2.39301	10.00483	2.39301	10.183427
2.4236896	1.0845363	2.4236896	9.9322389	2.4236896	10.06367	2.4236896	10.348682	2.4236896	10.297236	2.4236896	10.10518	2.4236896	10.158799	2.4236896	10.080306	2.4236896	9.8984746	2.4236896	10.051373	2.4236896	10.7887	2.4236896	9.3968845	2.4236896	9.5256558
2.4543693	1.214632	2.4543693	9.2943817	2.4543693	9.4694932	2.4543693	9.7166142	2.4543693	9.6115009	2.4543693	9.4423262	2.4543693	9.4749368	2.4543693	9.4023404	2.4543693	9.2205303	2.4543693	9.3702367	2.4543693	10.155345	2.4543693	8.7372404	2.4543693	8.8106002
2.4850489	1.3163737	2.4850489	8.6149124	2.4850489	8.8222288	2.4850489	9.0331032	2.4850489	8.8748814	2.4850489	8.7285399	2.4850489	8.7410282	2.4850489	8.6750666	2.4850489	8.4961066	2.4850489	8.6451963	2.4850489	9.4675217	2.4850489	8.036727	2.4850489	8.0527274
2.5157285	1.3896266	2.5157285	7.9070736	2.5157285	8.1340544	2.5157285	8.3125352	2.5157285	8.1019615	2.5157285	7.9779483	2.5157285	7.9715941	2.5157285	7.9125418	2.5157285	7.7388525	2.5157285	7.8908888	2.5157285	8.7381909	2.5157285	7.3070505	2.5157285	7.267118
2.5464081	1.4368867	2.5464081	7.184391	2.5464081	7.4178035	2.5464081	7.5700645	2.5464081	7.3077765	2.5464081	7.2051212	2.5464081	7.1815786	2.5464081	7.1292612	2.5464081	6.9627986	2.5464081	7.1224128	2.5464081	7.9810586	2.5464081	6.5606997	2.5464081	6.4690222
2.5770877	1.4632165	2.5770877	6.460281	2.5770877	6.6866289	2.5770877	6.821228	2.5770877	6.5073576	2.5770877	6.424634	2.5770877	6.3859283	2.5770877	6.3397395	2.5770877	6.1819419	2.5770877	6.3549351	2.5770877	7.2102192	2.5770877	5.8108611	2.5770877	5.6733983
2.6077673	1.4759861	2.6077673	5.7476457	2.6077673	5.9536407	2.6077673	6.0815432	2.6077673	5.7152651	2.6077673	5.6506165	2.6077673	5.5991738	2.6077673	5.5580872	2.6077673	5.4098235	2.6077673	5.6032967	2.6077673	6.4397804	2.6077673	5.0713943	2.6077673	4.8944587
2.638447	1.4842401	2.638447	5.0584724	2.638447	5.2315429	2.638447	5.3661055	2.638447	4.9451369	2.638447	4.8963138	2.638447	4.8350451	2.638447	4.7976116	2.638447	4.6591255	2.638447	4.8816423	2.638447	5.6834904	2.638447	4.3569477	2.638447	4.1452548
2.6691266	1.4975075	2.6691266	4.4034575	2.6691266	4.5322917	2.6691266	4.6892051	2.6691266	4.2092797	2.6691266	4.1736842	2.6691266	4.1061658	2.6691266	4.070479	2.6691266	3.9413215	2.6691266	4.2030996	2.6691266	4.9543964	2.6691266	3.6833384	2.6691266	3.4373422
2.6998062	1.5240564	2.6998062	3.791672	2.6998062	3.8668075	2.6998062	4.0639672	2.6998062	3.5183409	2.6998062	3.4930681	2.6998062	3.4238885	2.6998062	3.3874958	2.6998062	3.2664307	2.6998062	3.5795344	2.6998062	4.2645679	2.6998062	3.0683616	2.6998062	2.7805888
2.7304858	1.5690003	2.7304858	3.230295	2.7304858	3.2447854	2.7304858	3.5020075	2.7304858	2.8811184	2.7304858	2.8629764	2.7304858	2.798384	2.7304858	2.7581029	2.7304858	2.6429585	2.7304858	3.0213945	2.7304858	3.6249256	2.7304858	2.5330885	2.7304858	2.1832444
2.7611654	1.6330451	2.7611654	2.724445	2.7611654	2.6746678	2.7611654	3.013052	2.7611654	2.3046093	2.7611654	2.2900794	2.7611654	2.2391879	2.7611654	2.1907718	2.7611654	2.0781951	2.7611654	2.5376197	2.7611654	3.045225	2.7611654	2.1029265	2.7611654	1.6525531
2.791845	1.7124963	2.791845	2.2771574	2.791845	2.1638902	2.791845	2.6044256	2.791845	1.79451	2.791845	1.7795699	2.791845	1.7565786	2.791845	1.6942051	2.791845	1.5792824	2.791845	2.1354961	2.791845	2.5342359	2.791845	1.8050303	2.791845	1.1966806
2.8225246	1.8004229	2.8225246	1.8895766	2.8225246	1.7195821	2.8225246	2.2803031	2.8225246	1.3566605	2.8225246	1.3363177	2.8225246	1.3642805	2.8225246	1.2801816	2.8225246	1.1561331	2.8225246	1.8201599	2.8225246	2.1000971	2.8225246	1.6556321	2.8225246	0.83023729
2.8532043	1.8882903	2.8532043	1.5614534	2.8532043	1.349965	2.8532043	2.04077	2.8532043	1.0005548	2.8532043	0.96793165	2.8532043	1.0827817	2.8532043	0.96899941	2.8532043	0.82879352	2.8532043	1.5933496	2.8532043	1.7505933	2.8532043	1.6410753	2.8532043	0.58752647
2.8838839	1.9674076	2.8838839	1.2920258	2.8838839	1.0663207	2.8838839	1.8811599	2.8838839	0.74629556	2.8838839	0.69222431	2.8838839	0.93558249	2.8838839	0.79253787	2.8838839	0.63890385	2.8838839	1.4514969	2.8838839	1.4925353	2.8838839	1.7181174	2.8838839	0.52063316
2.9145635	2.0299171	2.9145635	1.081207	2.9145635	0.88299198	2.9145635	1.7924881	2.9145635	0.62685721	2.9145635	0.54665713	2.9145635	0.92474784	2.9145635	0.76911047	2.9145635	0.62459154	2.9145635	1.3846406	2.9145635	1.3289248	2.9145635	1.8381913	2.9145635	0.60663586
2.9452431	2.0693557	2.9452431	0.93050121	2.9452431	0.80800311	2.9452431	1.7633122	2.9452431	0.65067286	2.9452431	0.55628673	2.9452431	1.012739	2.9452431	0.86130202	2.9452431	0.74020876	2.9452431	1.378139	2.9452431	1.2541732	2.9452431	1.9655996	2.9452431	0.75106038
2.9759227	2.0809197	2.9759227	0.84216755	2.9759227	0.8262445	2.9759227	1.7821063	2.9759227	0.76673664	2.9759227	0.66978236	2.9759227	1.1511426	2.9759227	1.0077613	2.9759227	0.904974	2.9759227	1.416582	2.9759227	1.2521198	2.9759227	2.0794758	2.9759227	0.89954898
3.0066023	2.0615484	3.0066023	0.81537714	3.0066023	0.90320145	3.0066023	1.8387365	3.0066023	0.91943608	3.0066023	0.82004446	3.0066023	1.3079866	3.0066023	1.1694815	3.0066023	1.0759356	3.0066023	1.4868625	3.0066023	1.3009757	3.0066023	2.1694651	3.0066023	1.033916
3.037282	2.0098999	3.037282	0.84209315	3.037282	1.0074407	3.037282	1.9245501	3.037282	1.0803505	3.037282	0.97457283	3.037282	1.4670737	3.037282	1.3286805	3.037282	1.2367538	3.037282	1.5788173	3.037282	1.3806536	3.037282	2.23162	3.037282	1.1486562
3.0679616	1.9262564	3.0679616	0.90809776	3.0679616	1.1198599	3.0679616	2.0316703	3.0679616	1.2373257	3.0679616	1.1208773	3.0679616	1.6203753	3.0679616	1.4774215	3.0679616	1.3809349	3.0679616	1.6843397	3.0679616	1.4761722	3.0679616	2.265708	3.0679616	1.2419735
3.0986412	1.812381	3.0986412	0.99808984	3.0986412	1.2303214	3.0986412	2.1523041	3.0986412	1.3843242	3.0986412	1.2533712	3.0986412	1.7632171	3.0986412	1.6114473	3.0986412	1.5051332	3.0986412	1.7963344	3.0986412	1.5771524	3.0986412	2.273593	3.0986412	1.3130258
3.1293208	1.6713356	3.1293208	1.0992601	3.1293208	1.3331562	3.1293208	2.2784731	3.1293208	1.5172985	3.1293208	1.3685522	3.1293208	1.8921249	3.1293208	1.7277323	3.1293208	1.6069449	3.1293208	1.9081497	3.1293208	1.6761555	3.1293208	2.2582765	3.1293208	1.3612841
3.1600004	1.5072692	3.1600004	1.2019901	3.1600004	1.4246252	3.1600004	2.4021643	3.1600004	1.6329011	3.1600004	1.4635707	3.1600004	2.0040886	3.1600004	1.8237217	3.1600004	1.6843488	3.1600004	2.013502	3.1600004	1.7673947	3.1600004	2.2233416	3.1600004	1.3866841
3.19068	1.3251828	3.19068	1.2993375	3.19068	1.5018624	3.19068	2.5157204	3.19068	1.7282887	3.19068	1.5359947	3.19068	2.0964879	3.19068	1.8972811	3.19068	1.7357617	3.19068	2.1066936	3.19068	1.8460942	3.19068	2.1726548	3.19068	1.390092
3.2213597	1.1306825	3.2213597	1.3864495	3.2213597	1.5625988	3.2213597	2.6122919	3.2213597	1.8013078	3.2213597	1.5839804	3.2213597	2.1672848	3.2213597	1.9469194	3.2213597	1.7603102	3.2213597	2.182926	3.2213597	1.9083171	3.2213597	2.1102417	3.2213597	1.3738758
3.2520393	0.92972799	3.2520393	1.4601764	3.2520393	1.6052356	3.2520393	2.6862399	3.2520393	1.8507674	3.2520393	1.6065393	3.2520393	2.2152819	3.2520393	1.9720759	3.2520393	1.7581402	3.2520393	2.2385914	3.2520393	1.9510396	3.2520393	2.0402756	3.2520393	1.3424728
3.2827189	0.72839716	3.2827189	1.5188347	3.2827189	1.6290369	3.2827189	2.7334383	3.2827189	1.8766739	3.2827189	1.6037794	3.2827189	2.2403462	3.2827189	1.973374	3.2827189	1.7306911	3.2827189	2.2714824	3.2827189	1.9723098	3.2827189	1.9671265	3.2827189	1.3028417
3.3133985	0.53269705	3.3133985	1.5620363	3.3133985	1.6343297	3.3133985	2.7514599	3.3133985	1.8803783	3.3133985	1.5770688	3.3133985	2.2435515	3.3133985	1.9527967	3.3133985	1.6809047	3.3133985	2.2808997	3.3133985	1.9713976	3.3133985	1.8954138	3.3133985	1.2645819
3.3440781	0.34855074	3.3440781	1.5905277	3.3440781	1.6226549	3.3440781	2.7396496	3.3440781	1.86462	3.3440781	1.5291106	3.3440781	2.2272238	3.3440781	1.9137663	3.3440781	1.6133678	3.3440781	2.2676609	3.3440781	1.948886	3.3440781	1.8300027	3.3440781	1.2392959
3.3747577	0.18282549	3.3747577	1.6060157	3.3747577	1.5968478	3.3747577	2.6990912	3.3747577	1.8334628	3.3747577	1.4639287	3.3747577	2.1948844	3.3747577	1.8611197	3.3747577	1.5343897	3.3747577	2.2340158	3.3747577	1.9066894	3.3747577	1.7758822	3.3747577	1.238684
3.4054373	0.061926845	3.4054373	1.6109753	3.4054373	1.5610327	3.4054373	2.6324771	3.4054373	1.7921211	3.4054373	1.386771	3.4054373	2.1510961	3.4054373	1.80097	3.4054373	1.4519951	3.4054373	2.1834831	3.4054373	1.8479943	3.4054373	1.7378836	3.4054373	1.2714515
3.436117	0.11943133	3.436117	1.6084547	3.436117	1.5205113	3.436117	2.5438932	3.436117	1.7466706	3.436117	1.3039242	3.436117	2.1012163	3.436117	1.7404279	3.436117	1.375746	3.436117	2.1206209	3.436117	1.7771311	3.436117	1.7202518	3.436117	1.3405176
3.4667966	0.21508034	3.4667966	1.6018912	3.4667966	1.4815099	3.4667966	2.4385268	3.4667966	1.703641	3.4667966	1.2224178	3.4667966	2.0510655	3.4667966	1.6871501	3.4667966	1.3161963	3.4667966	2.0507452	3.4667966	1.6993859	3.4667966	1.7261698	3.4667966	1.4425612
3.4974762	0.28929173	3.4974762	1.5949599	3.4974762	1.4507354	3.4974762	2.3223131	3.4974762	1.6694988	3.4974762	1.1495671	3.4974762	2.0065286	3.4974762	1.6486904	3.4974762	1.2837232	3.4974762	1.9796107	3.4974762	1.6207586	3.4974762	1.7574158	3.4974762	1.5701512
3.5281558	0.33822697	3.5281558	1.5914599	3.5281558	1.4347163	3.5281558	2.2015366	3.5281558	1.6500733	3.5281558	1.0923076	3.5281558	1.9731213	3.5281558	1.6317043	3.5281558	1.2867383	3.5281558	1.9130705	3.5281558	1.547669	3.5281558	1.8143108	3.5281558	1.714691
3.5588354	0.3620036	3.5588354	1.5952303	3.5588354	1.4390009	3.5588354	2.0824162	3.5588354	1.6500367	3.5588354	1.0563597	3.5588354	1.9555846	3.5588354	1.6411894	3.5588354	1.3299883	3.5588354	1.856734	3.5588354	1.4866048	3.5588354	1.8959884	3.5588354	1.868587
3.589515	0.36213775	3.589515	1.6100592	3.589515	1.4674375	3.589515	1.9707166	3.589515	1.6725891	3.589515	1.0454783	3.589515	1.9575829	3.589515	1.6800483	3.589515	1.414106	3.589515	1.8156473	3.589515	1.4437081	3.589515	2.0008488	3.589515	2.0263028
3.6201947	0.34109943	3.6201947	1.6395407	3.6201947	1.5218361	3.6201947	1.8714468	3.6201947	1.719451	3.6201947	1.0612132	3.6201947	1.9815732	3.6201947	1.7491729	3.6201947	1.5367793	3.6201947	1.7940263	3.6201947	1.424325	3.6201947	2.1269961	3.6201947	2.1846217
3.6508743	0.30212051	3.6508743	1.6868432	3.6508743	1.6021689	3.6508743	1.7887121	3.6508743	1.7911309	3.6508743	1.1034154	3.6508743	2.0288582	3.6508743	1.8479712	3.6508743	1.6945589	3.6508743	1.795066	3.6508743	1.4325887	3.6508743	2.2725086	3.6508743	2.3424591
3.6815539	0.24909165	3.6815539	1.7543964	3.6815539	1.7071641	3.6815539	1.7257594	3.6815539	1.8872986	3.6815539	1.1711936	3.6815539	2.0997632	3.6815539	1.9750123	3.6815539	1.8841101	3.6815539	1.8208387	3.6815539	1.4711478	3.6815539	2.4355023	3.6815539	2.5004039
3.7122335	0.18665415	3.7122335	1.8435616	3.7122335	1.8349573	3.7122335	1.6851917	3.7122335	2.0070673	3.7122335	1.2637029	3.7122335	2.1938323	3.7122335	2.1284664	3.7122335	2.1025299	3.7122335	1.8722676	3.7122335	1.5411153	3.7122335	2.6140298	3.7122335	2.6600806
3.7429131	0.12122738	3.7429131	1.9543846	3.7429131	1.983527	3.7429131	1.6692272	3.7429131	2.1490841	3.7429131	1.3803725	3.7429131	2.309955	3.7429131	2.306219	3.7429131	2.3470297	3.7429131	1.9491488	3.7429131	1.6422068	3.7429131	2.8058968	3.7429131	2.823405
3.7735927	0.068620661	3.7735927	2.085508	3.7735927	2.1508355	3.7735927	1.679824	3.7735927	2.3114494	3.7735927	1.5206254	3.7735927	2.4463944	3.7735927	2.5057352	3.7735927	2.6144091	3.7735927	2.0501937	3.7735927	1.7729471	3.7735927	3.0084741	3.7735927	2.9918341
3.8042724	0.075463055	3.8042724	2.2342602	3.8042724	2.3347454	3.8042724	1.7185257	3.8042724	2.4915649	3.8042724	1.683393	3.8042724	2.6007494	3.8042724	2.7238322	3.8042724	2.9006111	3.8042724	2.1730863	3.8042724	1.9308361	3.8042724	3.2185633	3.8042724	3.1657312
3.834952	0.12778294	3.834952	2.3968797	3.834952	2.5328392	3.834952	1.7860414	3.834952	2.6860152	3.834952	1.8667129	3.834952	2.7699103	3.834952	2.9564973	3.834952	3.2004807	3.834952	2.3145633	3.834952	2.1124443	3.834952	3.4323487	3.834952	3.343957
3.8656316	0.18345245	3.8656316	2.5688115	3.8656316	2.7422478	3.8656316	1.8817472	3.8656316	2.8905469	3.8656316	2.0675502	3.8656316	2.950061	3.8656316	3.1988278	3.8656316	3.507741	3.8656316	2.4705348	3.8656316	2.3134755	3.8656316	3.64544	3.8656316	3.5237448
3.8963112	0.23202811	3.8963112	2.745021	3.8963112	2.9595508	3.8963112	2.0033595	3.8963112	3.1001622	3.8963112	2.2818451	3.8963112	3.1367563	3.8963112	3.4451073	3.8963112	3.8151491	3.8963112	2.6362519	3.8963112	2.5288501	3.8963112	3.852998	3.8963112	3.7008521
3.9269908	0.27014739	3.9269908	2.9202908	3.9269908	3.1807736	3.9269908	2.1469279	3.9269908	3.3093118	3.9269908	2.504719	3.9269908	3.3250735	3.9269908	3.6889972	3.9269908	4.114775	3.9269908	2.8065173	3.9269908	2.7528365	3.9269908	4.0499217	3.9269908	3.8699241
3.9576704	0.29642156	3.9576704	3.0894879	3.9576704	3.4014731	3.9576704	2.3071198	3.9576704	3.5121518	3.9576704	2.7307615	3.9576704	3.5098202	3.9576704	3.9238067	3.9576704	4.3983536	3.9576704	2.9759266	3.9576704	2.9792381	3.9576704	4.2310747	3.9576704	4.024978
3.98835	0.31062198	3.98835	3.2477957	3.98835	3.6168934	3.98835	2.4776698	3.98835	3.7028327	3.98835	2.9543409	3.98835	3.6857744	3.98835	4.1428026	3.98835	4.6576666	3.98835	3.1391219	3.98835	3.2016211	3.98835	4.3915267	3.98835	4.1599227
4.0190297	0.31350185	4.0190297	3.3909091	4.0190297	3.8221627	4.0190297	2.6518619	4.0190297	3.8757891	4.0190297	3.1699011	4.0190297	3.847931	4.0190297	4.3395286	4.0190297	4.8849216	4.0190297	3.2910423	4.0190297	3.4135672	4.0190297	4.5267921	4.0190297	4.2690488
4.0497093	0.30675594	4.0497093	3.5151928	4.0497093	4.0125102	4.0497093	2.8229684	4.0497093	4.02601	4.0497093	3.372226	4.0497093	3.9917366	4.0497093	4.5081068	4.0497093	5.0731077	4.0497093	3.4271546	4.0497093	3.6089297	4.0497093	4.633048	4.0497093	4.3474484
4.0803889	0.29301827	4.0803889	3.6177995	4.0803889	4.1834794	4.0803889	2.9846172	4.0803889	4.1492728	4.0803889	3.5566628	4.0803889	4.113295	4.0803889	4.6435068	4.0803889	5.2163074	4.0803889	3.5436537	4.0803889	3.7820789	4.0803889	4.707319	4.0803889	4.3913447
4.1110685	0.27583836	4.1110685	3.6967479	4.1110685	4.3311252	4.1110685	3.1310874	4.1110685	4.2423302	4.1110685	3.7192978	4.1110685	4.2095345	4.1110685	4.7417672	4.1110685	5.3099536	4.1110685	3.6376223	4.1110685	3.9281206	4.1110685	4.7476212	4.1110685	4.3983245
4.1417481	0.25949937	4.1417481	3.7509588	4.1417481	4.4521816	4.1417481	3.2575381	4.1417481	4.3030449	4.1417481	3.8570843	4.1417481	4.2783301	4.1417481	4.8001621	4.1417481	5.351022	4.1417481	3.7071437	4.1417481	4.0430798	4.1417481	4.7530573	4.1417481	4.3674751
4.1724277	0.2483949	4.1724277	3.7802501	4.1724277	4.544194	4.1724277	3.3601777	4.1724277	4.3304669	4.1724277	3.9679206	4.1724277	4.3185772	4.1724277	4.8173077	4.1724277	5.3381532	4.1724277	3.7513636	4.1724277	4.1240392	4.1724277	4.723861	4.1724277	4.2994314
4.2031074	0.24574196	4.2031074	3.7852932	4.2031074	4.6056104	4.2031074	3.4363772	4.2031074	4.3248533	4.2031074	4.050682	4.2031074	4.3302155	4.2031074	4.7932059	4.2031074	5.2717008	4.2031074	3.7704997	4.2031074	4.1692279	4.2031074	4.6613891	4.2031074	4.1963421
4.233787	0.25216338	4.233787	3.7675355	4.233787	4.6358319	4.233787	3.4847288	4.233787	4.287633	4.233787	4.1052068	4.233787	4.3142055	4.233787	4.7292262	4.233787	5.1537062	4.233787	3.7657997	4.233787	4.1780581	4.233787	4.5680642	4.233787	4.0617665
4.2644666	0.26544484	4.2644666	3.7290943	4.2644666	4.6352193	4.2644666	3.5050517	4.2644666	4.2213196	4.2644666	4.1322433	4.2644666	4.2724608	4.2644666	4.6280282	4.2644666	4.9878021	4.2644666	3.7394519	4.2644666	4.1511086	4.2644666	4.4472698	4.2644666	3.900513
4.2951462	0.28178012	4.2951462	3.6726309	4.2951462	4.605061	4.2951462	3.4983485	4.2951462	4.1293785	4.2951462	4.1333618	4.2951462	4.2077395	4.2951462	4.4934301	4.2951462	4.779049	4.2951462	3.6944524	4.2951462	4.0900571	4.2951462	4.3032066	4.2951462	3.7184343
4.3258258	0.29728084	4.3258258	3.6012126	4.3258258	4.5475023	4.3258258	3.4667138	4.3258258	4.0160559	4.3258258	4.1108389	4.3258258	4.1235025	4.3258258	4.3302293	4.3258258	4.5337145	4.3258258	3.6344384	4.3258258	3.9975666	4.3258258	4.1407147	4.3258258	3.52219
4.3565054	0.30882733	4.3565054	3.5181724	4.3565054	4.4654419	4.3565054	3.4132012	4.3565054	3.8861786	4.3565054	4.0675221	4.3565054	4.0237429	4.3565054	4.1439857	4.3565054	4.2590024	4.3565054	3.5634942	4.3565054	3.8771314	4.3565054	3.9650721	4.3565054	3.3189891
4.3871851	0.31432409	4.3871851	3.4269733	4.3871851	4.3623992	4.3871851	3.3416537	4.3871851	3.744935	4.3871851	4.0066804	4.3871851	3.9127954	4.3871851	3.9407748	4.3871851	3.9627451	4.3871851	3.4859412	4.3871851	3.732893	4.3871851	3.7817786	4.3871851	3.116316
4.4178647	0.31270053	4.4178647	3.3310825	4.4178647	4.2423573	4.4178647	3.2565047	4.4178647	3.5976465	4.4178647	3.931849	4.4178647	3.7951301	4.4178647	3.7269249	4.4178647	3.6530721	4.4178647	3.4061214	4.4178647	3.5694352	4.4178647	3.5963356	4.4178647	2.9216394
4.4485443	0.30386153	4.4485443	3.2338597	4.4485443	4.1095874	4.4485443	3.1625563	4.4485443	3.4495403	4.4485443	3.8466734	4.4485443	3.6751399	4.4485443	3.5087483	4.4485443	3.338071	4.4485443	3.3281856	4.4485443	3.3915722	4.4485443	3.4140312	4.4485443	2.7420913
4.4792239	0.28866483	4.4792239	3.1384567	4.4792239	3.9684598	4.4792239	3.0647432	4.4792239	3.3055337	4.4792239	3.7547577	4.4792239	3.5569291	4.4792239	3.2922818	4.4792239	3.0254603	4.4792239	3.2558956	4.4792239	3.2041441	4.4792239	3.2397405	4.4792239	2.5840998
4.5099035	0.2689487	4.5099035	3.0477239	4.5099035	3.8232478	4.5099035	2.9678899	4.5099035	3.1700395	4.5099035	3.6595196	4.5099035	3.4441137	4.5099035	3.0830505	4.5099035	2.722299	4.5099035	3.1924505	4.5099035	3.0118343	4.5099035	3.0777506	4.5099035	2.4529675
4.5405831	0.24759639	4.5405831	2.9641183	4.5405831	3.6779328	4.5405831	2.8764728	4.5405831	3.0467996	4.5405831	3.5640558	4.5405831	3.3396442	4.5405831	2.8858705	4.5405831	2.4347642	4.5405831	3.1403451	4.5405831	2.8190251	4.5405831	2.9316153	4.5405831	2.3524247
4.5712627	0.22852121	4.5712627	2.8896071	4.5712627	3.53602	4.5712627	2.7943977	4.5712627	2.9387549	4.5712627	3.47102	4.5712627	3.2456684	4.5712627	2.7047053	4.5712627	2.1680368	4.5712627	3.1012661	4.5712627	2.6297041	4.5712627	2.8040469	4.5712627	2.2842417
4.6019424	0.21620811	4.6019424	2.8255672	4.6019424	3.4003764	4.6019424	2.7248094	4.6019424	2.8479558	4.6019424	3.3825155	4.6019424	3.1634445	4.6019424	2.5425882	4.6019424	1.9263389	4.6019424	3.0760307	4.6019424	2.4474306	4.6019424	2.6968461	4.6019424	2.2480315
4.632622	0.21430936	4.632622	2.7726886	4.632622	3.273107	4.632622	2.6699497	4.632622	2.7755161	4.632622	3.3000108	4.632622	3.093319	4.632622	2.4016125	4.632622	1.7131582	4.632622	3.064569	4.632622	2.2753623	4.632622	2.6108721	4.632622	2.2413465
4.6633016	0.22372603	4.6633016	2.7308994	4.6633016	3.1554816	4.6633016	2.6310776	4.6633016	2.7216096	4.6633016	3.224282	4.6633016	3.0347707	4.6633016	2.2829819	4.6633016	1.5316453	4.6633016	3.06595	4.6633016	2.1163293	4.6633016	2.5460502	4.6633016	2.2600677
4.6939812	0.24210774	4.6939812	2.6993308	4.6939812	3.0479243	4.6939812	2.60846	4.6939812	2.6855092	4.6939812	3.1553919	4.6939812	2.9865164	4.6939812	2.1870964	4.6939812	1.3850658	4.6939812	3.0784472	4.6939812	1.9729251	4.6939812	2.5014165	4.6939812	2.2989597
4.7246608	0.26541725	4.7246608	2.6763436	4.7246608	2.9500683	4.7246608	2.6014284	4.7246608	2.6656609	4.7246608	3.0927114	4.7246608	2.9466624	4.7246608	2.1136431	4.7246608	1.2770019	4.7246608	3.0996409	4.7246608	1.8475662	4.7246608	2.4751961	4.7246608	2.3522231
4.7553404	0.28972654	4.7553404	2.6596221	4.7553404	2.8608707	4.7553404	2.6084878	4.7553404	2.6597903	4.7553404	3.0349857	4.7553404	2.9128807	4.7553404	2.0616611	4.7553404	1.2108619	4.7553404	3.1265504	4.7553404	1.7424603	4.7553404	2.464911	4.7553404	2.4139282
4.7860201	0.31203889	4.7860201	2.6463299	4.7860201	2.7787707	4.7860201	2.6274571	4.7860201	2.6650332	4.7860201	2.9804425	4.7860201	2.8825904	4.7860201	2.0295714	4.7860201	1.1884868	4.7860201	3.155789	4.7860201	1.6594296	4.7860201	2.4675158	4.7860201	2.4782997
4.8166997	0.33041231	4.8166997	2.6333104	4.8166997	2.7018685	4.8166997	2.6556201	4.8166997	2.6780845	4.8166997	2.9269326	4.8166997	2.8531276	4.8166997	2.0151854	4.8166997	1.2084801	4.8166997	3.1837354	4.8166997	1.5995872	4.8166997	2.4795519	4.8166997	2.5398891
4.8473793	0.34386203	4.8473793	2.6173057	4.8473793	2.6281035	4.8473793	2.6898766	4.8473793	2.6953601	4.8473793	2.8720905	4.8473793	2.8218926	4.8473793	2.0157236	4.8473793	1.2655631	4.8473793	3.206712	4.8473793	1.5629426	4.8473793	2.4973167	4.8473793	2.5936819
4.8780589	0.3522427	4.8780589	2.5951715	4.8780589	2.5554124	4.8780589	2.7268846	4.8780589	2.7131632	4.8780589	2.8134997	4.8780589	2.786473	4.8780589	2.0278771	4.8780589	1.3515316	4.8780589	3.2211633	4.8780589	1.5481007	4.8780589	2.5170354	4.8780589	2.6351802
4.9087385	0.3561434	4.9087385	2.5640676	4.9087385	2.4818565	4.9087385	2.763198	4.9087385	2.7278499	4.9087385	2.7488502	4.9087385	2.7447407	4.9087385	2.0479295	4.9087385	1.4569785	4.9087385	3.2238245	4.9087385	1.5522159	4.9087385	2.5350294	4.9087385	2.6604789
4.9394181	0.3567722	4.9394181	2.5216137	4.9394181	2.4057153	4.9394181	2.7953978	4.9394181	2.7359872	4.9394181	2.6760756	4.9394181	2.6949259	4.9394181	2.0719296	4.9394181	1.5726797	4.9394181	3.2118737	4.9394181	1.5712584	4.9394181	2.5478712	4.9394181	2.6663373
4.9700978	0.35579139	4.9700978	2.4660041	4.9700978	2.3255489	4.9700978	2.8202207	4.9700978	2.734496	4.9700978	2.5934659	4.9700978	2.6356696	4.9700978	2.0958953	4.9700978	1.6903	4.9700978	3.1830596	4.9700978	1.600498	4.9700978	2.552519	4.9700978	2.6502428
5.0007774	0.35506519	5.0007774	2.3960808	5.0007774	2.2402341	5.0007774	2.8346825	5.0007774	2.7207755	5.0007774	2.4997486	5.0007774	2.5660565	5.0007774	2.1160187	5.0007774	1.8026269	5.0007774	3.1358006	5.0007774	1.6350385	5.0007774	2.5464257	5.0007774	2.6104569
5.031457	0.35630903	5.031457	2.3113658	5.031457	2.1489813	5.031457	2.8361937	5.031457	2.6928026	5.031457	2.3941417	5.031457	2.4856299	5.031457	2.1288521	5.031457	1.9036102	5.031457	3.0692491	5.031457	1.6702651	5.031457	2.5276179	5.031457	2.5460377
5.0621366	0.36069601	5.0621366	2.2120581	5.0621366	2.0513383	5.0621366	2.8226613	5.0621366	2.6492049	5.0621366	2.2763761	5.0621366	2.3943873	5.0621366	2.1314598	5.0621366	1.9883555	5.0621366	2.9833203	5.0621366	1.7021488	5.0621366	2.4947424	5.0621366	2.456835
5.0928162	0.36855211	5.0928162	2.098996	5.0928162	1.9471829	5.0928162	2.7925745	5.0928162	2.5893046	5.0928162	2.1466926	5.0928162	2.2927595	5.0928162	2.1215307	5.0928162	2.053126	5.0928162	2.8786832	5.0928162	1.7274159	5.0928162	2.4470815	5.0928162	2.3434581
5.1234958	0.37927697	5.1234958	1.9735929	5.1234958	1.8367092	5.1234958	2.7450681	5.1234958	2.5131329	5.1234958	2.0058155	5.1234958	2.1815744	5.1234958	2.0974518	5.1234958	2.095355	5.1234958	2.7567164	5.1234958	1.7436165	5.1234958	2.3845352	5.1234958	2.2072179
5.1541754	0.39151963	5.1541754	1.8377494	5.1541754	1.7204075	5.1541754	2.6799631	5.1541754	2.4214168	5.1541754	1.8549077	5.1541754	2.0620053	5.1541754	2.0583445	5.1541754	2.1136599	5.1541754	2.6194312	5.1541754	1.7491242	5.1541754	2.3075769	5.1541754	2.0500514
5.1848551	0.40350683	5.1848551	1.6937481	5.1848551	1.5990376	5.1848551	2.5977832	5.1848551	2.3155391	5.1848551	1.6955107	5.1848551	1.9355092	5.1848551	2.0040677	5.1848551	2.1078487	5.1848551	2.4693661	5.1848551	1.7430925	5.1848551	2.2171839	5.1848551	1.8744337
5.2155347	0.41338062	5.2155347	1.5441365	5.2155347	1.4735966	5.2155347	2.4997477	5.2155347	2.1974751	5.2155347	1.5294748	5.2155347	1.8037564	5.2155347	1.9351945	5.2155347	2.0789112	5.2155347	2.309461	5.2155347	1.7253798	5.2155347	2.1147507	5.2155347	1.68329
5.2462143	0.4194565	5.2462143	1.3916055	5.2462143	1.3452801	5.2462143	2.3877443	5.2462143	2.0697086	5.2462143	1.3588832	5.2462143	1.6685567	5.2462143	1.8529644	5.2462143	2.0289899	5.2462143	2.1429178	5.2462143	1.6964545	5.2462143	2.0019901	5.2462143	1.479919
5.2768939	0.42038312	5.2768939	1.238869	5.2768939	1.2154382	5.2768939	2.2642846	5.2768939	1.9351306	5.2768939	1.1859744	5.2768939	1.5317841	5.2768939	1.7592186	5.2768939	1.9613279	5.2768939	1.9730586	5.2768939	1.6572826	5.2768939	1.8808306	5.2768939	1.2679479
5.3075735	0.41522232	5.3075735	1.0885542	5.3075735	1.0855259	5.3075735	2.1324462	5.3075735	1.796922	5.3075735	1.0130667	5.3075735	1.3953068	5.3075735	1.6563204	5.3075735	1.8801852	5.3075735	1.8031931	5.3075735	1.6092059	5.3075735	1.7533175	5.3075735	1.051358
5.3382531	0.403475	5.3382531	0.94310989	5.3382531	0.95705068	5.3382531	1.9958055	5.3382531	1.658422	5.3382531	0.84248833	5.3382531	1.2609233	5.3382531	1.5470643	5.3382531	1.7907101	5.3382531	1.636509	5.3382531	1.5538159	5.3382531	1.6215242	5.3382531	0.83468435
5.3689328	0.38507208	5.3689328	0.80474623	5.3689328	0.83152045	5.3689328	1.8583599	5.3689328	1.5229795	5.3689328	0.67651675	5.3689328	1.1303092	5.3689328	1.4345744	5.3689328	1.6987337	5.3689328	1.4760006	5.3689328	1.4928302	5.3689328	1.4874804	5.3689328	0.6237365
5.3996124	0.36034255	5.3996124	0.67542256	5.3996124	0.71039584	5.3996124	1.7244331	5.3996124	1.3937856	5.3996124	0.51733473	5.3996124	1.0049773	5.3996124	1.322189	5.3996124	1.6104446	5.3996124	1.3244501	5.3996124	1.4279819	5.3996124	1.353121	5.3996124	0.42828096
5.430292	0.32996552	5.430292	0.55691077	5.430292	0.59505707	5.430292	1.5985477	5.430292	1.2736825	5.430292	0.36702338	5.430292	0.88625201	5.430292	1.2133215	5.430292	1.5318899	5.430292	1.1844736	5.430292	1.3609319	5.430292	1.220258	5.430292	0.27363083
5.4609716	0.29491056	5.4609716	0.45098219	5.4609716	0.48680261	5.4609716	1.4852309	5.4609716	1.1649529	5.4609716	0.22770195	5.4609716	0.77526123	5.4609716	1.1112864	5.4609716	1.4682886	5.4609716	1.0586271	5.4609716	1.2932143	5.4609716	1.0905749	5.4609716	0.23050417
5.4916512	0.25636983	5.4916512	0.35979303	5.4916512	0.38692037	5.4916512	1.3887149	5.4916512	1.0691057	5.4916512	0.10289479	5.4916512	0.67294712	5.4916512	1.0190707	5.4916512	1.4232513	5.4916512	0.94954138	5.4916512	1.226225	5.4916512	0.96563913	5.4916512	0.32190579
5.5223308	0.21568516	5.5223308	0.28651738	5.5223308	0.29693499	5.5223308	1.3125094	5.5223308	0.98670095	5.5223308	0.041217359	5.5223308	0.5801006	5.5223308	0.93904871	5.5223308	1.3981562	5.5223308	0.85998985	5.5223308	1.1612581	5.5223308	0.8469295	5.5223308	0.4568774
5.5530105	0.17427446	5.5530105	0.23583476	5.5530105	0.2193227	5.5530105	1.2588941	5.5530105	0.91727663	5.5530105	0.12602211	5.5530105	0.49742475	5.5530105	0.87267003	5.5530105	1.3919992	5.5530105	0.79272026	5.5530105	1.0995888	5.5530105	0.7358711	5.5530105	0.59105845
5.5836901	0.13356501	5.5836901	0.21232945	5.5836901	0.15941467	5.5836901	1.2284942	5.5836901	0.85943936	5.5836901	0.21066891	5.5836901	0.4256335	5.5836901	0.82021122	5.5836901	1.401871	5.5836901	0.74987384	5.5836901	1.0425917	5.5836901	0.6338747	5.5836901	0.71170494
5.6143697	0.094954771	5.6143697	0.21518455	5.6143697	0.12821745	5.6143697	1.2201627	5.6143697	0.81113355	5.6143697	0.28201244	5.6143697	0.36558112	5.6143697	0.78072436	5.6143697	1.4238926	5.6143697	0.73205295	5.6143697	0.9918684	5.6143697	0.54238032	5.6143697	0.81441717
5.6450493	0.059893854	5.6450493	0.23610934	5.6450493	0.13460358	5.6450493	1.2312911	5.6450493	0.7700335	5.6450493	0.33938223	5.6450493	0.3183774	5.6450493	0.75227625	5.6450493	1.4542345	5.6450493	0.7375582	5.6450493	0.94934265	5.6450493	0.46291169	5.6450493	0.89793436
5.6757289	0.030761563	5.6757289	0.26526645	5.6757289	0.16751928	5.6757289	1.2584358	5.6757289	0.73395152	5.6757289	0.38340511	5.6757289	0.28534966	5.6757289	0.73244086	5.6757289	1.4898988	5.6757289	0.76244222	5.6757289	0.9172608	5.6757289	0.39714943	5.6757289	0.96300586
5.7064085	0.018506667	5.7064085	0.29568671	5.7064085	0.21111149	5.7064085	1.2979853	5.7064085	0.70116092	5.7064085	0.41550481	5.7064085	0.26763223	5.7064085	0.7188763	5.7064085	1.5291326	5.7064085	0.80139847	5.7064085	0.89803385	5.7064085	0.34700741	5.7064085	1.0122184
5.7370881	0.032076605	5.7370881	0.32313217	5.7370881	0.25797781	5.7370881	1.3466381	5.7370881	0.67058147	5.7370881	0.43792497	5.7370881	0.26539097	5.7370881	0.70979396	5.7370881	1.5714891	5.7370881	0.84884318	5.7370881	0.89389228	5.7370881	0.31461142	5.7370881	1.0500523
5.7677678	0.048864229	5.7677678	0.3449226	5.7677678	0.30573371	5.7677678	1.4016161	5.7677678	0.64182675	5.7677678	0.45382407	5.7677678	0.27730884	5.7677678	0.70420633	5.7677678	1.617608	5.7677678	0.8996443	5.7677678	0.90642151	5.7677678	0.30197601	5.7677678	1.0828633
5.7984474	0.063343573	5.7984474	0.35919286	5.7984474	0.35389434	5.7984474	1.4606679	5.7984474	0.61514112	5.7984474	0.46730993	5.7984474	0.30097311	5.7984474	0.70193438	5.7984474	1.6687921	5.7984474	0.94942587	5.7984474	0.93615719	5.7984474	0.31034919	5.7984474	1.1185244
5.829127	0.075736998	5.829127	0.36458292	5.829127	0.40269749	5.829127	1.5219531	5.829127	0.59125874	5.829127	0.48325609	5.829127	0.33376693	5.829127	0.70340929	5.829127	1.726463	5.829127	0.99462442	5.829127	0.98243556	5.829127	0.33976601	5.829127	1.1654863
5.8598066	0.087213256	5.8598066	0.3601883	5.8598066	0.45269595	5.8598066	1.5838896	5.8598066	0.57121162	5.8598066	0.50673096	5.8598066	0.37345447	5.8598066	0.70932688	5.8598066	1.7915948	5.8598066	1.0324626	5.8598066	1.0435589	5.8598066	0.38933634	5.8598066	1.2312448
5.8904862	0.099072274	5.8904862	0.34568919	5.8904862	0.5046167	5.8904862	1.645011	5.8904862	0.55611231	5.8904862	0.54204806	5.8904862	0.41828381	5.8904862	0.72023478	5.8904862	1.8642403	5.8904862	1.0609241	5.8904862	1.1171603	5.8904862	0.45784741	5.8904862	1.3206794
5.9211658	0.11227863	5.9211658	0.32168324	5.9211658	0.55930452	5.9211658	1.7038627	5.9211658	0.54694411	5.9211658	0.59182251	5.9211658	0.46686317	5.9211658	0.73615656	5.9211658	1.9432464	5.9211658	1.0787552	5.9211658	1.200588	5.9211658	0.54403404	5.9211658	1.4350461
5.9518455	0.12717135	5.9518455	0.29039356	5.9518455	0.61767425	5.9518455	1.7589413	5.9518455	0.54440266	5.9518455	0.65658629	5.9518455	0.51801861	5.9518455	0.75635686	5.9518455	2.0262022	5.9518455	1.0854968	5.9518455	1.2911931	5.9518455	0.64649753	5.9518455	1.5720897
5.9825251	0.14342928	5.9825251	0.25715066	5.9825251	0.68063817	5.9825251	1.8086774	5.9825251	0.54882913	5.9825251	0.73512479	5.9825251	0.57070369	5.9825251	0.77930535	5.9825251	2.1096007	5.9825251	1.0815383	5.9825251	1.3864931	5.9825251	0.76353858	5.9825251	1.7270154
6.0132047	0.1602401	6.0132047	0.23290273	6.0132047	0.74900047	6.0132047	1.851454	6.0132047	0.56024641	6.0132047	0.82517679	6.0132047	0.62396136	6.0132047	0.80282267	6.0132047	2.1891434	6.0132047	1.0681865	6.0132047	1.4842382	6.0132047	0.89305163	6.0132047	1.8936975
6.0438843	0.17653219	6.0438843	0.23455949	6.0438843	0.82332917	6.0438843	1.8856495	6.0438843	0.57846509	6.0438843	0.92406964	6.0438843	0.67692018	6.0438843	0.82433599	6.0438843	2.2601106	6.0438843	1.0477316	6.0438843	1.5824172	6.0438843	1.0325003	6.0438843	2.0656776
6.0745639	0.19117072	6.0745639	0.2743348	6.0745639	0.90382756	6.0745639	1.9096973	6.0745639	0.60319683	6.0745639	1.0291164	6.0745639	0.72880659	6.0745639	0.84116399	6.0745639	2.3177326	6.0745639	1.0234796	6.0745639	1.6792315	6.0745639	1.1789519	6.0745639	2.2368364
6.1052435	0.20309314	6.1052435	0.34872223	6.1052435	0.99022945	6.1052435	1.9221526	6.1052435	0.6341184	6.1052435	1.1378054	6.1052435	0.77895989	6.1052435	0.85077775	6.1052435	2.3575255	6.1052435	0.99968504	6.1052435	1.7730553	6.1052435	1.3291499	6.1052435	2.4017983
6.1359232	0.2113951	6.1359232	0.44698613	6.1359232	1.0817363	6.1359232	1.9217596	6.1359232	0.67086305	6.1359232	1.2478645	6.1359232	0.82684066	6.1359232	0.85101737	6.1359232	2.3755749	6.1359232	0.98128141	6.1359232	1.862394	6.1359232	1.4796078	6.1359232	2.5561636
6.1666028	0.21538314	6.1666028	0.56027429	6.1666028	1.1770033	6.1666028	1.9075138	6.1666028	0.71295236	6.1666028	1.3572646	6.1666028	0.87202685	6.1666028	0.84026726	6.1666028	2.368766	6.1666028	0.97329641	6.1666028	1.9458437	6.1666028	1.6267168	6.1666028	2.6966286
6.1972824	0.214605	6.1972824	0.68240234	6.1972824	1.2741727	6.1972824	1.8787157	6.1972824	0.75970318	6.1972824	1.4641947	6.1972824	0.91419509	6.1972824	0.81760376	6.1972824	2.3349645	6.1972824	0.97994177	6.1972824	2.0220594	6.1972824	1.7668602	6.1972824	2.8210244
6.227962	0.20886373	6.227962	0.80866513	6.227962	1.3709444	6.227962	1.8350144	6.227962	0.81014688	6.227962	1.5670264	6.227962	0.9530876	6.227962	0.7829342	6.227962	2.2731528	6.227962	1.0036096	6.227962	2.0897307	6.227962	1.8965287	6.227962	2.9282845
6.2586416	0.19821831	6.2586416	0.9350643	6.2586416	1.4646749	6.2586416	1.7764385	6.2586416	0.86298645	6.2586416	1.6642757	6.2586416	0.98846807	6.2586416	0.73715216	6.2586416	2.1835298	6.2586416	1.0442245	6.2586416	2.1475707	6.2586416	2.0124345	6.2586416	3.018339
6.2893212	0.18297301	6.2893212	1.0579635	6.2893212	1.552493	6.2893212	1.7034159	6.2893212	0.91660089	6.2893212	1.7545653	6.2893212	1.0200721	6.2893212	0.68234218	6.2893212	2.0675832	6.2893212	1.0992898	6.2893212	2.1943149	6.2893212	2.1116172	6.2893212	3.0919379
6.3200008	0.16365715	6.3200008	1.1739661	6.3200008	1.6314262	6.3200008	1.6167817	6.3200008	0.96909329	6.3200008	1.8365912	6.3200008	1.0475596	6.3200008	0.62207555	6.3200008	1.9281456	6.3200008	1.1645409	6.3200008	2.2287343	6.3200008	2.1915409	6.3200008	3.1504068
6.3506805	0.14099784	6.3506805	1.2798971	6.3506805	1.6985287	6.3506805	1.517779	6.3506805	1.0183712	6.3506805	1.9090982	6.3506805	1.0704775	6.3506805	0.56181181	6.3506805	1.7694558	6.3506805	1.2348063	6.3506805	2.2496591	6.3506805	2.2501777	6.3506805	3.1953536
6.3813601	0.11589077	6.3813601	1.3728359	6.3813601	1.7510088	6.3813601	1.4080539	6.3813601	1.0622469	6.3813601	1.9708643	6.3813601	1.0882386	6.3813601	0.50923923	6.3813601	1.5972534	6.3813601	1.3047278	6.3813601	2.2560137	6.3813601	2.2860762	6.3813601	3.2283514
6.4120397	0.089381713	6.4120397	1.4501685	6.4120397	1.7863482	6.4120397	1.2896544	6.4120397	1.0985455	6.4120397	2.0206985	6.4120397	1.1001215	6.4120397	0.47381448	6.4120397	1.4189464	6.4120397	1.3692221	6.4120397	2.246859	6.4120397	2.2984134	6.4120397	3.2506394
6.4427193	0.062705733	6.4427193	1.5096485	6.4427193	1.8024109	6.4427193	1.1650421	6.4427193	1.1252136	6.4427193	2.0574507	6.4427193	1.1052935	6.4427193	0.46408277	6.4427193	1.2438764	6.4427193	1.4237275	6.4427193	2.2214418	6.4427193	2.2870292	6.4427193	3.2628846
6.4733989	0.037646582	6.4733989	1.5494555	6.4733989	1.7975382	6.4733989	1.0371373	6.4733989	1.1404206	6.4733989	2.0800352	6.4733989	1.1028526	6.4733989	0.48296596	6.4733989	1.083593	6.4733989	1.4643219	6.4733989	2.1792467	6.4733989	2.2524435	6.4733989	3.2650465
6.5040785	0.01949623	6.5040785	1.5682458	6.5040785	1.7706257	6.5040785	0.90942648	6.5040785	1.1426493	6.5040785	2.0874641	6.5040785	1.0918859	6.5040785	0.52558633	6.5040785	0.95161956	6.5040785	1.4877767	6.5040785	2.1200497	6.5040785	2.1958579	6.5040785	3.2563703
6.5347582	0.023748354	6.5347582	1.5651923	6.5347582	1.7211807	6.5347582	0.78617691	6.5347582	1.1307718	6.5347582	2.07889	6.5347582	1.0715356	6.5347582	0.5824767	6.5347582	0.86131287	6.5347582	1.4915851	6.5347582	2.0439713	6.5347582	2.1191433	6.5347582	3.2355157
6.5654378	0.039739026	6.5654378	1.5400096	6.5654378	1.6493587	6.5654378	0.67280155	6.5654378	1.1041094	6.5654378	2.0536523	6.5654378	1.0410686	6.5654378	0.64395598	6.5654378	0.82039326	6.5654378	1.4739797	6.5654378	1.951528	6.5654378	2.0248161	6.5654378	3.2008025
6.5961174	0.054569336	6.5961174	1.4929628	6.5961174	1.5559792	6.5961174	0.57630117	6.5961174	1.062473	6.5961174	2.0113256	6.5961174	0.99994057	6.5961174	0.7021159	6.5961174	0.82494819	6.5961174	1.4339444	6.5961174	1.8436854	6.5961174	1.9160071	6.5961174	3.1505417
6.626797	0.065815263	6.626797	1.4248597	6.626797	1.4425226	6.626797	0.50521895	6.626797	1.0061859	6.626797	1.9517646	6.626797	0.94785095	6.626797	0.75100131	6.626797	0.86014335	6.626797	1.371222	6.626797	1.721915	6.626797	1.7964242	6.626797	3.0834104
6.6574766	0.072800142	6.6574766	1.3370244	6.6574766	1.311115	6.6574766	0.46756408	6.6574766	0.93608837	6.6574766	1.8751433	6.6574766	0.88478428	6.6574766	0.78627376	6.6574766	0.90768785	6.6574766	1.2863169	6.6574766	1.5882668	6.6574766	1.670311	6.6574766	2.9988333
6.6881562	0.075338189	6.6881562	1.2312553	6.6881562	1.1645124	6.6881562	0.46589119	6.6881562	0.85352757	6.6881562	1.7819865	6.6881562	0.8110359	6.6881562	0.80489314	6.6881562	0.95212106	6.6881562	1.1804981	6.6881562	1.4454744	6.6881562	1.5423916	6.6881562	2.8973404
6.7188359	0.073532431	6.7188359	1.1097675	6.7188359	1.006114	6.7188359	0.49410501	6.7188359	0.7603403	6.7188359	1.6731918	6.7188359	0.72722106	6.7188359	0.80490942	6.7188359	0.98270024	6.7188359	1.0558154	6.7188359	1.2971264	6.7188359	1.4177829	6.7188359	2.7808804
6.7495155	0.067722595	6.7495155	0.97512156	6.7495155	0.84007352	6.7495155	0.54106635	6.7495155	0.65884338	6.7495155	1.550044	6.7495155	0.63426828	6.7495155	0.78533764	6.7495155	0.99293328	6.7495155	0.91516527	6.7495155	1.1479568	6.7495155	1.3018263	6.7495155	2.6530694
6.7801951	0.058474964	6.7801951	0.83014412	6.7801951	0.67170002	6.7801951	0.59632364	6.7801951	0.55186899	6.7801951	1.4142262	6.7801951	0.53339983	6.7801951	0.74608176	6.7801951	0.97968187	6.7801951	0.76251107	6.7801951	1.0043223	6.7801951	1.1997615	6.7801951	2.5193444
6.8108747	0.046627575	6.8108747	0.67784335	6.8108747	0.5087586	6.8108747	0.65244556	6.8108747	0.44294368	6.8108747	1.2678367	6.8108747	0.42610649	6.8108747	0.68788872	6.8108747	0.94248564	6.8108747	0.60357792	6.8108747	0.87488051	6.8108747	1.1161581	6.8108747	2.3869577
6.8415543	0.033543597	6.8415543	0.52133251	6.8415543	0.36574128	6.8415543	0.7047449	6.8415543	0.33691515	6.8415543	1.1134351	6.8415543	0.31414055	6.8415543	0.61233739	6.8415543	0.88319714	6.8415543	0.44816602	6.8415543	0.77110344	6.8415543	1.0541041	6.8415543	2.2646856
6.8722339	0.022367723	6.8722339	0.36379825	6.8722339	0.27540912	6.8722339	0.7504273	6.8722339	0.24205821	6.8722339	0.95416352	6.8722339	0.19964874	6.8722339	0.52190979	6.8722339	0.80592894	6.8722339	0.3182789	6.8722339	0.70616404	6.8722339	1.0143754	6.8722339	2.1620666
6.9029135	0.020999573	6.9029135	0.20874596	6.9029135	0.28312975	6.9029135	0.78791763	6.9029135	0.17626877	6.9029135	0.79406058	6.9029135	0.086820241	6.9029135	0.42031798	6.9029135	0.7173837	6.9029135	0.26584227	6.9029135	0.68990409	6.9029135	0.99503841	6.9029135	2.088007
6.9335932	0.031322474	6.9335932	0.06492746	6.9335932	0.37122557	6.9335932	0.81643062	6.9335932	0.16834176	6.9335932	0.63886085	6.9335932	0.04956803	6.9335932	0.31375875	6.9335932	0.62771228	6.9335932	0.32941593	6.9335932	0.72183235	6.9335932	0.99184138	6.9335932	2.0488604
6.9642728	0.045244732	6.9642728	0.099175893	6.9642728	0.48687917	6.9642728	0.83570922	6.9642728	0.21447598	6.9642728	0.49802964	6.9642728	0.15377327	6.9642728	0.21610737	6.9642728	0.55174215	6.9642728	0.45738619	6.9642728	0.79068482	6.9642728	0.99926016	6.9642728	2.0466025
6.9949524	0.058967724	6.9949524	0.23135494	6.9949524	0.60382303	6.9949524	0.84586302	6.9949524	0.28013362	6.9949524	0.38930389	6.9949524	0.26186652	6.9949524	0.16682226	6.9949524	0.50847423	6.9949524	0.6022535	6.9949524	0.88158855	6.9949524	1.011662	6.9949524	2.0780477
7.025632	0.071098772	7.025632	0.35601102	7.025632	0.71198238	7.025632	0.84726585	7.025632	0.34595127	7.025632	0.34178196	7.025632	0.36527679	7.025632	0.21224042	7.025632	0.51348591	7.025632	0.74550199	7.025632	0.98199244	7.025632	1.0241326	7.025632	2.1356215
7.0563116	0.080932985	7.0563116	0.469261	7.0563116	0.80707846	7.0563116	0.84048908	7.0563116	0.40460149	7.0563116	0.37289055	7.0563116	0.46204005	7.0563116	0.3133966	7.0563116	0.56661151	7.0563116	0.87936234	7.0563116	1.0830869	7.0563116	1.0328551	7.0563116	2.2092319
7.0869912	0.088077262	7.0869912	0.56982792	7.0869912	0.88724072	7.0869912	0.82625829	7.0869912	0.4531521	7.0869912	0.45958253	7.0869912	0.5509269	7.0869912	0.42902825	7.0869912	0.65289783	7.0869912	0.99984871	7.0869912	1.1791068	7.0869912	1.0351602	7.0869912	2.2882669
7.1176709	0.092356133	7.1176709	0.65711723	7.1176709	0.95188204	7.1176709	0.80542606	7.1176709	0.49048611	7.1176709	0.5698189	7.1176709	0.63108067	7.1176709	0.54471591	7.1176709	0.75520185	7.1176709	1.1047289	7.1176709	1.2663885	7.1176709	1.0294081	7.1176709	2.3630372
7.1483505	0.093778499	7.1483505	0.73099461	7.1483505	1.0012468	7.1483505	0.77895737	7.1483505	0.51646334	7.1483505	0.68556164	7.1483505	0.70195654	7.1483505	0.65459465	7.1483505	0.86091441	7.1483505	1.1928372	7.1483505	1.3426791	7.1483505	1.0148099	7.1483505	2.4255349
7.1790301	0.092517025	7.1790301	0.79170359	7.1790301	1.0361782	7.1790301	0.74792586	7.1790301	0.53159004	7.1790301	0.79842058	7.1790301	0.76330005	7.1790301	0.75554507	7.1790301	0.96206124	7.1790301	1.2637786	7.1790301	1.406691	7.1790301	0.99124447	7.1790301	2.4696873
7.2097097	0.088887567	7.2097097	0.83980002	7.2097097	1.0579619	7.2097097	0.71352048	7.2097097	0.53684982	7.2097097	0.90439722	7.2097097	0.81512725	7.2097097	0.84573167	7.2097097	1.0539338	7.2097097	1.3177516	7.2097097	1.457815	7.2097097	0.95909066	7.2097097	2.4913255
7.2403893	0.0833252	7.2403893	0.87608469	7.2403893	1.068199	7.2403893	0.67706258	7.2403893	0.53359142	7.2403893	1.0015355	7.2403893	0.85769902	7.2403893	0.92414896	7.2403893	1.1340286	7.2403893	1.3554068	7.2403893	1.495927	7.2403893	0.91908067	7.2403893	2.4880169
7.2710689	0.076356319	7.2710689	0.90153265	7.2710689	1.0686904	7.2710689	0.64003231	7.2710689	0.52343987	7.2710689	1.0889394	7.2710689	0.89148835	7.2710689	0.99042741	7.2710689	1.2013701	7.2710689	1.3777112	7.2710689	1.5212501	7.2710689	0.87217425	7.2710689	2.4588385
7.3017486	0.068567264	7.3017486	0.91722184	7.3017486	1.0613288	7.3017486	0.60409904	7.3017486	0.50822086	7.3017486	1.1663162	7.3017486	0.91714144	7.3017486	1.0447058	7.3017486	1.2560405	7.3017486	1.3858141	7.3017486	1.5342538	7.3017486	0.81945203	7.3017486	2.4041295
7.3324282	0.060570052	7.3324282	0.92426501	7.3324282	1.0479971	7.3324282	0.57114113	7.3324282	0.489895	7.3324282	1.2337254	7.3324282	0.93543396	7.3324282	1.0875123	7.3324282	1.2987966	7.3324282	1.3809186	7.3324282	1.5355801	7.3324282	0.76202711	7.3324282	2.3252355
7.3631078	0.052965394	7.3631078	0.92374912	7.3631078	1.0304768	7.3631078	0.5432242	7.3631078	0.47049873	7.3631078	1.2914182	7.3631078	0.94722424	7.3631078	1.1196371	7.3631078	1.3307197	7.3631078	1.3641685	7.3631078	1.5259933	7.3631078	0.70097436	7.3631078	2.2242536
7.3937874	0.046302809	7.3937874	0.91668617	7.3937874	1.010368	7.3937874	0.52249082	7.3937874	0.45208345	7.3937874	1.3397203	7.3937874	0.9534053	7.3937874	1.1419969	7.3937874	1.3528902	7.3937874	1.3365593	7.3937874	1.5063512	7.3937874	0.63727754	7.3937874	2.1037867
7.424467	0.041039367	7.424467	0.9039782	7.424467	0.98902331	7.424467	0.51091839	7.424467	0.43663664	7.424467	1.378946	7.424467	0.95485756	7.424467	1.1555001	7.424467	1.3661066	7.424467	1.2988851	7.424467	1.4775964	7.424467	0.57179471	7.424467	1.9667126
7.4551466	0.037506201	7.4551466	0.88639809	7.4551466	0.96749885	7.4551466	0.50996067	7.4551466	0.4259653	7.4551466	1.4093354	7.4551466	0.95240448	7.4551466	1.1609237	7.4551466	1.3706787	7.4551466	1.2517247	7.4551466	1.4407651	7.4551466	0.50524168	7.4551466	1.8159814
7.4858262	0.035902722	7.4858262	0.86458583	7.4858262	0.94652241	7.4858262	0.52019684	7.4858262	0.42153365	7.4858262	1.4310184	7.4858262	0.94677323	7.4858262	1.1588191	7.4858262	1.3663254	7.4858262	1.1954681	7.4858262	1.3970099	7.4858262	0.43819328	7.4858262	1.6544485
7.5165059	0.036328878	7.5165059	0.83905867	7.5165059	0.92648067	7.5165059	0.5411735	7.5165059	0.42428147	7.5165059	1.4440012	7.5165059	0.93856275	7.5165059	1.1494568	7.5165059	1.3521886	7.5165059	1.1303785	7.5165059	1.3476303	7.5165059	0.37110136	7.5165059	1.4847568
7.5471855	0.038821776	7.5471855	0.81023191	7.5471855	0.90742472	7.5471855	0.57153033	7.5471855	0.43448906	7.5471855	1.4481768	7.5471855	0.92822145	7.5471855	1.13282	7.5471855	1.3269578	7.5471855	1.0566778	7.5471855	1.2941052	7.5471855	0.30432981	7.5471855	1.3092751
7.5778651	0.043346961	7.5778651	0.77844691	7.5778651	0.88909297	7.5778651	0.60931721	7.5778651	0.45175588	7.5778651	1.4433555	7.5778651	0.91603625	7.5778651	1.108645	7.5778651	1.289077	7.5778651	0.97464516	7.5778651	1.2381165	7.5778651	0.23821225	7.5778651	1.1301035
7.6085447	0.049755091	7.6085447	0.74400237	7.6085447	0.87094975	7.6085447	0.65232665	7.6085447	0.47510485	7.6085447	1.4293104	7.6085447	0.90213435	7.6085447	1.076502	7.6085447	1.2369966	7.6085447	0.88471373	7.6085447	1.1815535	7.6085447	0.17316708	7.6085447	0.9491576
7.6392243	0.057758137	7.6392243	0.70718599	7.6392243	0.85223705	7.6392243	0.69832909	7.6392243	0.50315903	7.6392243	1.4058326	7.6392243	0.88649768	7.6392243	1.0359038	7.6392243	1.1694376	7.6392243	0.78755823	7.6392243	1.1264816	7.6392243	0.11007707	7.6392243	0.76836993
7.6699039	0.066944926	7.6699039	0.66830427	7.6699039	0.83203625	7.6699039	0.74519803	7.6699039	0.5343196	7.6699039	1.3727903	7.6699039	0.86898923	7.6699039	0.98642686	7.6699039	1.0856427	7.6699039	0.68416948	7.6699039	1.0750584	7.6699039	0.052998296	7.6699039	0.59014808
7.7005836	0.07681805	7.7005836	0.62770965	7.7005836	0.80933645	7.7005836	0.79096224	7.7005836	0.56690405	7.7005836	1.3301875	7.7005836	0.84938918	7.7005836	0.92783321	7.7005836	0.98561518	7.7005836	0.57592598	7.7005836	1.0293835	7.7005836	0.040283954	7.7005836	0.41869466
7.7312632	0.086834121	7.7312632	0.58582494	7.7312632	0.78310579	7.7312632	0.83382545	7.7312632	0.59924038	7.7312632	1.2782166	7.7312632	0.82743829	7.7312632	0.86018397	7.7312632	0.87037607	7.7312632	0.464702	7.7312632	0.99127785	7.7312632	0.089356056	7.7312632	0.26544765
7.7619428	0.096441336	7.7619428	0.54316584	7.7619428	0.7523624	7.7619428	0.87217856	7.7619428	0.62973111	7.7619428	1.2173048	7.7619428	0.80288551	7.7619428	0.78394685	7.7619428	0.74235006	7.7619428	0.35315109	7.7619428	0.96202147	7.7619428	0.14547486	7.7619428	0.17580209
7.7926224	0.10511412	7.7926224	0.50036264	7.7926224	0.71624205	7.7926224	0.90461542	7.7926224	0.65690185	7.7926224	1.1481523	7.7926224	0.77553733	7.7926224	0.70011046	7.7926224	0.60619572	7.7926224	0.24574294	7.7926224	0.94210994	7.7926224	0.20064467	7.7926224	0.22770699
7.823302	0.11238536	7.823302	0.45818126	7.823302	0.67406045	7.823302	0.92995449	7.823302	0.67944322	7.823302	1.0717638	7.823302	0.74530691	7.823302	0.61034406	7.823302	0.4710697	7.823302	0.15361717	7.823302	0.93111667	7.823302	0.25339072	7.823302	0.35560231
7.8539816	0.11787602	7.8539816	0.41754222	7.8539816	0.6253699	7.8539816	0.94726418	7.8539816	0.696249	7.8539816	0.98947767	7.8539816	0.71226207	7.8539816	0.51729519	7.8539816	0.3571635	7.8539816	0.11432033	7.8539816	0.92772418	7.8539816	0.30299722	7.8539816	0.49581672
7.8846612	0.12132176	7.8846612	0.37953056	7.8846612	0.57001267	7.8846612	0.95588837	7.8846612	0.70645001	7.8846612	0.90299883	7.8846612	0.67667221	7.8846612	0.42524666	7.8846612	0.30659849	7.8846612	0.16029842	7.8846612	0.92992441	7.8846612	0.34895346	7.8846612	0.63190334
7.9153409	0.12259564	7.9153409	0.34538027	7.9153409	0.50817976	7.9153409	0.95546825	7.9153409	0.70944173	7.9153409	0.81444335	7.9153409	0.63905516	7.9153409	0.34161304	7.9153409	0.35475172	7.9153409	0.23833446	7.9153409	0.93532085	7.9153409	0.39086532	7.9153409	0.75817055
7.9460205	0.12172641	7.9460205	0.31640188	7.9460205	0.44049871	7.9460205	0.94595688	7.9460205	0.7049037	7.9460205	0.72640661	7.9460205	0.60022459	7.9460205	0.27963612	7.9460205	0.47122043	7.9460205	0.31715562	7.9460205	0.94144056	7.9460205	0.42844848	7.9460205	0.87162162
7.9767001	0.11891129	7.9767001	0.2938127	7.9767001	0.36821541	7.9767001	0.92762365	7.9767001	0.69280948	7.9767001	0.6420584	7.9767001	0.56133676	7.9767001	0.25800187	7.9767001	0.61296939	7.9767001	0.38816021	7.9767001	0.94598801	7.9767001	0.4615398	7.9767001	0.9703409
8.0073797	0.11452135	8.0073797	0.27845653	8.0073797	0.29366892	8.0073797	0.90104638	8.0073797	0.67342647	8.0073797	0.56523829	8.0073797	0.52392766	8.0073797	0.28483864	8.0073797	0.75812033	8.0073797	0.44798883	8.0073797	0.94701516	8.0073797	0.49010993	8.0073797	1.0531091
8.0380593	0.10909485	8.0380593	0.27049468	8.0380593	0.221733	8.0380593	0.86708948	8.0380593	0.64730636	8.0380593	0.50042536	8.0380593	0.48991589	8.0380593	0.34548991	8.0380593	0.89599024	8.0380593	0.49489907	8.0380593	0.94301527	8.0380593	0.51427016	8.0380593	1.1193151
8.0687389	0.10330828	8.0687389	0.26925576	8.0687389	0.16433784	8.0687389	0.82686709	8.0687389	0.61526768	8.0687389	0.45226184	8.0687389	0.46151985	8.0687389	0.42081177	8.0687389	1.0203136	8.0687389	0.52794766	8.0687389	0.9329618	8.0687389	0.53426978	8.0687389	1.1689414
8.0994186	0.097907705	8.0994186	0.27338855	8.0994186	0.14721169	8.0994186	0.7816907	8.0994186	0.57837241	8.0994186	0.42422249	8.0994186	0.4410153	8.0994186	0.49886284	8.0994186	1.1269065	8.0994186	0.54674876	8.0994186	0.91631466	8.0994186	0.55048082	8.0994186	1.2025567
8.1300982	0.093582012	8.1300982	0.28124393	8.1300982	0.18474127	8.1300982	0.73300111	8.1300982	0.53789927	8.1300982	0.41671175	8.1300982	0.43029159	8.1300982	0.57316314	8.1300982	1.2128709	8.1300982	0.55137861	8.1300982	0.89301124	8.1300982	0.56336868	8.1300982	1.2212875
8.1607778	0.090785533	8.1607778	0.2912641	8.1607778	0.25358756	8.1607778	0.68228564	8.1607778	0.49531566	8.1607778	0.42622469	8.1607778	0.43030825	8.1607778	0.64001452	8.1607778	1.2762984	8.1607778	0.54232188	8.1607778	0.86345406	8.1607778	0.5734485	8.1607778	1.2267582
8.1914574	0.089576298	8.1914574	0.30222533	8.1914574	0.33325653	8.1914574	0.63098265	8.1914574	0.45224792	8.1914574	0.4467374	8.1914574	0.44073594	8.1914574	0.69717565	8.1914574	1.3161405	8.1914574	0.52043059	8.1914574	0.82850213	8.1914574	0.58122964	8.1914574	1.2209944
8.222137	0.089573728	8.222137	0.31332154	8.222137	0.41501632	8.222137	0.5803786	8.222137	0.41044485	8.222137	0.47199615	8.222137	0.46003502	8.222137	0.7432845	8.222137	1.3321297	8.222137	0.48689	8.222137	0.78946848	8.222137	0.58715376	8.222137	1.2062872
8.2528166	0.090076584	8.2528166	0.32414377	8.2528166	0.49479465	8.2528166	0.53150723	8.2528166	0.37171852	8.2528166	0.49691631	8.2528166	0.48591515	8.2528166	0.77759428	8.2528166	1.3247108	8.2528166	0.44319742	8.2528166	0.74812029	8.2528166	0.59153536	8.2528166	1.1850219
8.2834963	0.090266797	8.2834963	0.33460674	8.2834963	0.57018867	8.2834963	0.48506682	8.2834963	0.33783224	8.2834963	0.51789033	8.2834963	0.5158743	8.2834963	0.79983702	8.2834963	1.2949647	8.2834963	0.39117355	8.2834963	0.70666748	8.2834963	0.59451518	8.2834963	1.1594819
8.3141759	0.089392711	8.3141759	0.34485159	8.3141759	0.63952129	8.3141759	0.4413772	8.3141759	0.31029669	8.3141759	0.53259537	8.3141759	0.54757985	8.3141759	0.81013952	8.3141759	1.2445216	8.3141759	0.33305662	8.3141759	0.6677079	8.3141759	0.59603719	8.3141759	1.1316452
8.3448555	0.086885143	8.3448555	0.35513946	8.3448555	0.70151839	8.3448555	0.40039967	8.3448555	0.29006606	8.3448555	0.53971709	8.3448555	0.57904965	8.3448555	0.80896075	8.3448555	1.1754647	8.3448555	0.27181793	8.3448555	0.63407492	8.3448555	0.59585616	8.3448555	1.1030035
8.3755351	0.082419475	8.3755351	0.36574667	8.3755351	0.75518596	8.3755351	0.3618366	8.3755351	0.27722564	8.3755351	0.53873132	8.3755351	0.60869889	8.3755351	0.79703761	8.3755351	1.0902274	8.3755351	0.21210715	8.3755351	0.60852382	8.3755351	0.59357811	8.3755351	1.0744361
8.4062147	0.07595821	8.4062147	0.37687363	8.4062147	0.7997595	8.4062147	0.32531543	8.4062147	0.27087043	8.4062147	0.52976032	8.4062147	0.63532514	8.4062147	0.7753341	8.4062147	0.991491	8.4062147	0.16287318	8.4062147	0.59323968	8.4062147	0.5887304	8.4062147	1.0461699
8.4368943	0.067812853	8.4368943	0.38858023	8.4368943	0.83468311	8.4368943	0.29065075	8.4368943	0.26931992	8.4368943	0.51348814	8.4368943	0.65807489	8.4368943	0.74499249	8.4368943	0.88209194	8.4368943	0.1410965	8.4368943	0.58928353	8.4368943	0.5808545	8.4368943	1.0178361
8.4675739	0.058777871	8.4675739	0.40075676	8.4675739	0.85960203	8.4675739	0.25817905	8.4675739	0.27057604	8.4675739	0.49111742	8.4675739	0.67641006	8.4675739	0.70728656	8.4675739	0.76495127	8.4675739	0.16029987	8.4675739	0.59623861	8.4675739	0.56961328	8.4675739	0.98861615
8.4982536	0.050402977	8.4982536	0.41313174	8.4982536	0.87436217	8.4982536	0.22916123	8.4982536	0.27277624	8.4982536	0.46435205	8.4982536	0.69007873	8.4982536	0.66357797	8.4982536	0.64305355	8.4982536	0.20913795	8.4982536	0.61228486	8.4982536	0.55490568	8.4982536	0.95744171
8.5289332	0.045271067	8.5289332	0.42530957	8.5289332	0.87901321	8.5289332	0.20617288	8.5289332	0.27447932	8.5289332	0.43538521	8.5289332	0.6990885	8.5289332	0.61527696	8.5289332	0.51953964	8.5289332	0.27085411	8.5289332	0.63467051	8.5289332	0.53698313	8.5289332	0.923211
8.5596128	0.046181321	8.5596128	0.43682496	8.5596128	0.87381271	8.5596128	0.19306727	8.5596128	0.2747835	8.5596128	0.40685316	8.5596128	0.70367844	8.5596128	0.56380914	8.5596128	0.39811252	8.5596128	0.33705879	8.5596128	0.66032088	8.5596128	0.51656161	8.5596128	0.88498366
8.5902924	0.053563519	8.5902924	0.44720036	8.5902924	0.85922908	8.5902924	0.19362479	8.5902924	0.2733488	8.5902924	0.38167817	8.5902924	0.70428487	8.5902924	0.51059027	8.5902924	0.28450075	8.5902924	0.40433914	8.5902924	0.68633995	8.5902924	0.49491693	8.5902924	0.84213408
8.620972	0.065179265	8.620972	0.45599503	8.620972	0.83594068	8.620972	0.20902191	8.620972	0.27038326	8.620972	0.36269173	8.620972	0.70149709	8.620972	0.4570121	8.620972	0.19206426	8.620972	0.47140227	8.620972	0.71032151	8.620972	0.47393318	8.620972	0.79445784
8.6516516	0.078547465	8.6516516	0.46283865	8.6516516	0.80482833	8.6516516	0.23690015	8.6516516	0.26661371	8.6516516	0.35198898	8.6516516	0.69599995	8.6516516	0.40444349	8.6516516	0.15597694	8.6516516	0.5379587	8.6516516	0.73050625	8.6516516	0.45604132	8.6516516	0.74223902
8.6823313	0.091955807	8.6823313	0.46744674	8.6823313	0.76695847	8.6823313	0.27318823	8.6823313	0.26322438	8.6823313	0.3502127	8.6823313	0.68850301	8.6823313	0.35425328	8.6823313	0.20024304	8.6823313	0.604258	8.6823313	0.74584975	8.6823313	0.44395192	8.6823313	0.68629392
8.7130109	0.10431375	8.7130109	0.46961842	8.7130109	0.72355438	8.7130109	0.31401847	8.7130109	0.26171794	8.7130109	0.35622835	8.7130109	0.67965951	8.7130109	0.30786227	8.7130109	0.28343572	8.7130109	0.67083379	8.7130109	0.75604715	8.7130109	0.44011204	8.7130109	0.62801015
8.7436905	0.11493441	8.7436905	0.46921937	8.7436905	0.67595345	8.7436905	0.35634195	8.7436905	0.26365082	8.7436905	0.36748101	8.7436905	0.66998309	8.7436905	0.2668259	8.7436905	0.37536047	8.7436905	0.73831476	8.7436905	0.76153194	8.7436905	0.44598421	8.7436905	0.56939842
8.7743701	0.12342888	8.7743701	0.46615505	8.7743701	0.62554999	8.7743701	0.39784941	8.7743701	0.27025211	8.7743701	0.38077588	8.7743701	0.6597744	8.7743701	0.23291759	8.7743701	0.46654327	8.7743701	0.80726092	8.7743701	0.76344402	8.7743701	0.46148935	8.7743701	0.51316012
8.8050497	0.12966869	8.8050497	0.46034009	8.8050497	0.57372554	8.8050497	0.43677782	8.8050497	0.28205113	8.8050497	0.39299252	8.8050497	0.64907168	8.8050497	0.20809513	8.8050497	0.55389439	8.8050497	0.87802169	8.8050497	0.76354558	8.8050497	0.48496652	8.8050497	0.46272768
8.8357293	0.13377637	8.8357293	0.45167063	8.8357293	0.52177268	8.8357293	0.47176997	8.8357293	0.29870143	8.8357293	0.40149943	8.8357293	0.63763742	8.8357293	0.19411997	8.8357293	0.6363162	8.8357293	0.95062583	8.8357293	0.7640539	8.8357293	0.51364267	8.8357293	0.42212287
8.866409	0.13612105	8.866409	0.44000551	8.866409	0.47082562	8.866409	0.50179265	8.866409	0.31908473	8.866409	0.40431886	8.866409	0.62498642	8.866409	0.19175729	8.866409	0.71348905	8.866409	1.0247135	8.866409	0.76736499	8.866409	0.54427367	8.866409	0.39532883
8.8970886	0.1373009	8.8970886	0.42516094	8.8970886	0.42182022	8.8970886	0.52609122	8.8970886	0.34159536	8.8970886	0.40016954	8.8970886	0.61045195	8.8970886	0.20016797	8.8970886	0.78545335	8.8970886	1.0995159	8.8970886	0.77567313	8.8970886	0.57365281	8.8970886	0.38497933
8.9277682	0.13809307	8.9277682	0.4069207	8.9277682	0.37551853	8.9277682	0.54416313	8.9277682	0.36444101	8.9277682	0.38848025	8.9277682	0.59327908	8.9277682	0.21728237	8.9277682	0.85242526	8.9277682	1.173879	8.9277682	0.79055063	8.9277682	0.59890556	8.9277682	0.39095849
8.9584478	0.13935174	8.9584478	0.38506087	8.9584478	0.33264472	8.9584478	0.55574006	8.9584478	0.38586564	8.9584478	0.36942695	8.9584478	0.57273041	8.9584478	0.24078343	8.9584478	0.91469332	8.9584478	1.2463252	8.9584478	0.81260927	8.9584478	0.61762704	8.9584478	0.41021385
8.9891274	0.14184941	8.9891274	0.35938564	8.9891274	0.29418387	8.9891274	0.56077374	8.9891274	0.40428624	8.9891274	0.34403112	8.9891274	0.54819033	8.9891274	0.26875199	8.9891274	0.97254816	8.9891274	1.3151394	8.9891274	0.84136618	8.9891274	0.6279382	8.9891274	0.4380636
9.019807	0.14609494	9.019807	0.32976894	9.019807	0.26186519	9.019807	0.55942286	9.019807	0.41837071	9.019807	0.31436328	9.019807	0.51925829	9.019807	0.29976542	9.019807	1.0262295	9.019807	1.3784699	9.019807	0.87535824	9.019807	0.6285093	9.019807	0.46975243
9.0504866	0.1522016	9.0504866	0.29619595	9.0504866	0.23868752	9.0504866	0.5520406	9.0504866	0.42708405	9.0504866	0.28389132	9.0504866	0.48582668	9.0504866	0.33274605	9.0504866	1.0758865	9.0504866	1.4344346	9.0504866	0.91244317	9.0504866	0.61857431	9.0504866	0.50128667
9.0811663	0.15987143	9.0811663	0.2587991	9.0811663	0.22886637	9.0811663	0.53916233	9.0811663	0.42971901	9.0811663	0.25788065	9.0811663	0.44814487	9.0811663	0.3667915	9.0811663	1.1215524	9.0811663	1.4812242	9.0811663	0.95017055	9.0811663	0.59794651	9.0811663	0.52960548
9.1118459	0.1684967	9.1118459	0.2178847	9.1118459	0.23619815	9.1118459	0.52149351	9.1118459	0.42591942	9.1118459	0.24318778	9.1118459	0.4068764	9.1118459	0.40106311	9.1118459	1.1631346	9.1118459	1.5171978	9.1118459	0.98612315	9.1118459	0.56704245	9.1118459	0.55247052
9.1425255	0.17731737	9.1425255	0.1739489	9.1425255	0.26146911	9.1425255	0.49989712	9.1425255	0.41570003	9.1425255	0.24600706	9.1425255	0.36316252	9.1425255	0.4347354	9.1425255	1.2004228	9.1425255	1.5409663	9.1425255	1.0181806	9.1425255	0.52692542	9.1425255	0.56831035
9.1732051	0.18556942	9.1732051	0.12768767	9.1732051	0.30194504	9.1732051	0.47537908	9.1732051	0.39946645	9.1732051	0.26796825	9.1732051	0.31871274	9.1732051	0.4669907	9.1732051	1.2331148	9.1732051	1.5514614	9.1732051	1.0446988	9.1732051	0.47939059	9.1732051	0.57609877
9.2038847	0.19259331	9.2038847	0.080036945	9.2038847	0.35331105	9.2038847	0.44906851	9.2038847	0.37803979	9.2038847	0.30523948	9.2038847	0.27594317	9.2038847	0.49704253	9.2038847	1.2608574	9.2038847	1.5479866	9.2038847	1.0646167	9.2038847	0.42713311	9.2038847	0.57527595
9.2345643	0.19790215	9.2345643	0.032698847	9.2345643	0.41133678	9.2345643	0.42218746	9.2345643	0.35269276	9.2345643	0.35179711	9.2345643	0.23813894	9.2345643	0.52417498	9.2345643	1.2832991	9.2345643	1.5302505	9.2345643	1.0775054	9.2345643	0.37406056	9.2345643	0.56570154
9.265244	0.20122045	9.265244	0.020700778	9.265244	0.47234099	9.265244	0.39600216	9.265244	0.32520325	9.265244	0.40227449	9.265244	0.2094058	9.265244	0.54778875	9.265244	1.3001477	9.265244	1.4983797	9.265244	1.0835659	9.265244	0.32576665	9.265244	0.54762718
9.2959236	0.20250296	9.2959236	0.064867424	9.2959236	0.53311537	9.2959236	0.37174609	9.2959236	0.29791807	9.2959236	0.45270997	9.2959236	0.19372221	9.2959236	0.56744676	9.2959236	1.3112267	9.2959236	1.4529121	9.2959236	1.0835791	9.2959236	0.28979388	9.2959236	0.52167873
9.3266032	0.20193785	9.3266032	0.10832495	9.3266032	0.59079538	9.3266032	0.35050913	9.3266032	0.27377062	9.3266032	0.50037168	9.3266032	0.19264284	9.3266032	0.58291399	9.3266032	1.316523	9.3266032	1.3947712	9.3266032	1.0788034	9.3266032	0.27418006	9.3266032	0.48884214
9.3572828	0.19993323	9.3572828	0.14834903	9.3572828	0.64280394	9.3572828	0.33310049	9.3572828	0.2560858	9.3572828	0.54348024	9.3572828	0.20367939	9.3572828	0.59418632	9.3572828	1.3162189	9.3572828	1.3252219	9.3572828	1.0708191	9.3572828	0.28284586	9.3572828	0.4504496
9.3879624	0.19708127	9.3879624	0.18388754	9.3879624	0.6868632	9.3879624	0.31991867	9.3879624	0.24791336	9.3879624	0.58101714	9.3879624	0.22189201	9.3879624	0.60150367	9.3879624	1.3107018	9.3879624	1.2458102	9.3879624	1.0613197	9.3879624	0.31209551	9.3879624	0.40816527
9.418642	0.19409165	9.418642	0.21419308	9.418642	0.72104877	9.418642	0.31088402	9.418642	0.25091196	9.418642	0.61260371	9.418642	0.2426452	9.418642	0.60534242	9.418642	1.3005484	9.418642	1.1582899	9.418642	1.0518665	9.418642	0.35379621	9.418642	0.36397017
9.4493217	0.19168796	9.4493217	0.2387776	9.4493217	0.74386669	9.4493217	0.30548329	9.4493217	0.26457479	9.4493217	0.63840919	9.4493217	0.26283615	9.4493217	0.60638215	9.4493217	1.28648	9.4493217	1.0645389	9.4493217	1.0436371	9.4493217	0.40035743	9.4493217	0.32014171
9.4800013	0.19047371	9.4800013	0.25743569	9.4800013	0.75434144	9.4800013	0.30292854	9.4800013	0.2866374	9.4800013	0.65905586	9.4800013	0.28088533	9.4800013	0.6054432	9.4800013	1.2692914	9.4800013	0.96647087	9.4800013	1.0372152	9.4800013	0.44647285	9.4800013	0.27920506
9.5106809	0.19079626	9.5106809	0.27027037	9.5106809	0.75211054	9.5106809	0.30237723	9.5106809	0.31423909	9.5106809	0.67550112	9.5106809	0.29641929	9.5106809	0.60339493	9.5106809	1.2497588	9.5106809	0.86594612	9.5106809	1.0324736	9.5106809	0.48885339	9.5106809	0.24378733
9.5413605	0.1926561	9.5413605	0.27770958	9.5413605	0.73752708	9.5413605	0.30314006	9.5413605	0.34481846	9.5413605	0.68888708	9.5413605	0.30997624	9.5413605	0.6010408	9.5413605	1.2285372	9.5413605	0.76468812	9.5413605	1.0285805	9.5413605	0.52566313	9.5413605	0.2162363
9.5720401	0.19570071	9.5720401	0.28050749	9.5720401	0.71177739	9.5720401	0.30482412	9.5720401	0.37642562	9.5720401	0.70036136	9.5720401	0.32273652	9.5720401	0.59899521	9.5720401	1.2060649	9.5720401	0.66421336	9.5720401	1.0241279	9.5720401	0.5561189	9.5720401	0.19790111
9.6027197	0.19930461	9.6027197	0.27972444	9.6027197	0.6770251	9.6027197	0.30739205	9.6027197	0.40768506	9.6027197	0.71088691	9.6027197	0.33621622	9.6027197	0.59757518	9.6027197	1.1824902	9.6027197	0.56578295	9.6027197	1.0173455	9.6027197	0.58023992	9.6027197	0.18837532
9.6333993	0.20269853	9.6333993	0.27667508	9.6333993	0.6365877	9.6333993	0.31113802	9.6333993	0.43764931	9.6333993	0.72107225	9.6333993	0.3518972	9.6333993	0.59673228	9.6333993	1.1576392	9.6333993	0.47038922	9.6333993	1.0063485	9.6333993	0.59867218	9.6333993	0.18550391
9.664079	0.20510048	9.664079	0.27283137	9.664079	0.5951153	9.664079	0.31658866	9.664079	0.46565263	9.664079	0.73105819	9.664079	0.37084147	9.664079	0.59604322	9.664079	1.1310319	9.664079	0.37880054	9.664079	0.98937035	9.664079	0.61253218	9.664079	0.18645418
9.6947586	0.20581905	9.6947586	0.26966947	9.6947586	0.55862447	9.6947586	0.32434494	9.6947586	0.49119693	9.6947586	0.74048772	9.6947586	0.39340119	9.6947586	0.59476246	9.6947586	1.1019479	9.6947586	0.2917254	9.6947586	0.96495046	9.6947586	0.62323805	9.6947586	0.18903086
9.7254382	0.20432127	9.7254382	0.26846815	9.7254382	0.53401098	9.7254382	0.33489645	9.7254382	0.51387561	9.7254382	0.74856498	9.7254382	0.41912472	9.7254382	0.59192307	9.7254382	1.0695313	9.7254382	0.21031271	9.7254382	0.93206528	9.7254382	0.63231453	9.7254382	0.19244663
9.7561178	0.2002706	9.7561178	0.27010408	9.7561178	0.52755005	9.7561178	0.34845709	9.7561178	0.53333391	9.7561178	0.75418528	9.7561178	0.44686807	9.7561178	0.58646248	9.7561178	1.0329183	9.7561178	0.13801567	9.7561178	0.89020548	9.7561178	0.64117798	9.7561178	0.19749494
9.7867974	0.19354418	9.7867974	0.27492314	9.7867974	0.54259145	9.7867974	0.3648713	9.7867974	0.54926206	9.7867974	0.75610378	9.7867974	0.47503103	9.7867974	0.57734864	9.7867974	0.99136993	9.7867974	0.089082848	9.7867974	0.83940895	9.7867974	0.65092826	9.7867974	0.20626794
9.817477	0.18423704	9.817477	0.28275337	9.817477	0.57809904	9.817477	0.38361448	9.817477	0.56141572	9.817477	0.75310929	9.817477	0.5018168	9.817477	0.56368896	9.817477	0.94439312	9.817477	0.097662527	9.817477	0.78026407	9.817477	0.66218853	9.817477	0.22140784
9.8481567	0.17265911	9.8481567	0.2930547	9.8481567	0.6294797	9.8481567	0.40387304	9.8481567	0.56965641	9.8481567	0.74417817	9.8481567	0.52545126	9.8481567	0.54481259	9.8481567	0.89184158	9.8481567	0.15077639	9.8481567	0.71390093	9.8481567	0.67503269	9.8481567	0.24502541
9.8788363	0.15932882	9.8788363	0.30512992	9.8788363	0.6907707	9.8788363	0.42466552	9.8788363	0.57400265	9.8788363	0.72859513	9.8788363	0.54434289	9.8788363	0.52032396	9.8788363	0.8339926	9.8788363	0.21574292	9.8788363	0.64199454	9.8788363	0.689018	9.8788363	0.27786608
9.9095159	0.1449654	9.9095159	0.3183084	9.9095159	0.75637132	9.9095159	0.44496661	9.9095159	0.5746811	9.9095159	0.70603715	9.9095159	0.55718953	9.9095159	0.49012925	9.9095159	0.77160258	9.9095159	0.28287163	9.9095159	0.56681794	9.9095159	0.70330823	9.9095159	0.31924131
9.9401955	0.13047787	9.9401955	0.33205239	9.9401955	0.82176543	9.9401955	0.46381072	9.9401955	0.57216579	9.9401955	0.67662307	9.9401955	0.56304429	9.9401955	0.45444003	9.9401955	0.70594953	9.9401955	0.3494089	9.9401955	0.49140782	9.9401955	0.71684852	9.9401955	0.36753725
9.9708751	0.11693715	9.9708751	0.34597997	9.9708751	0.88361311	9.9708751	0.48036726	9.9708751	0.56719209	9.9708751	0.64093388	9.9708751	0.5613516	9.9708751	0.41375834	9.9708751	0.63887392	9.9708751	0.41410632	9.9708751	0.41993803	9.9708751	0.72854816	9.9708751	0.42077542
